A_id,B_id
1001,3363
1001,3915
1001,4861
1001,3846
1001,4079
1001,4162
1001,1706
1001,1402
1001,1804
1001,2082
1001,1257
1001,90
1001,2815
1001,1542
1001,2902
1001,849
1001,1818
1001,1231
1001,1884
1001,1141
101,553
1010,1560
1019,2978
1019,2960
1019,28
1019,2680
1019,2196
1019,1260
1019,3011
1019,933
1019,1625
1019,4603
1019,3843
1019,4219
1019,4525
1028,4392
1028,3614
1028,3531
1028,520
1028,1465
1028,632
1028,3061
1028,599
1031,3005
1031,2388
1031,1231
1031,1884
1031,1804
1031,1402
1031,1369
1031,2142
1031,1818
1031,1257
1031,2364
1031,2902
1031,1706
1031,545
1031,2082
1031,90
1031,1141
1031,1542
1031,3846
1031,3363
1031,4162
1031,4079
1031,4867
1031,4861
1031,4522
1031,3915
1031,4489
104,3477
1040,2850
1043,1506
1043,4905
107,3729
107,2963
107,276
1073,3725
1073,4259
1076,2025
1082,2153
1085,4626
1097,4915
1097,3553
1097,4952
1097,3562
1097,3399
1097,3710
1097,1987
1097,2755
1097,716
1097,1365
1097,2012
1097,1426
1097,1546
1097,962
1097,2804
1097,2626
1097,2629
1097,448
1097,1994
1097,142
1097,523
1097,2321
1097,1790
1097,3251
1097,1592
1097,1330
1097,2743
1097,2084
1097,2490
11,44
1112,1897
1118,2076
1118,2161
1121,652
1121,135
1121,2618
1121,2661
1121,2453
1121,1484
1121,718
1121,1458
1121,1482
1121,4621
1121,3722
113,432
1130,1402
1130,1804
1130,1084
1136,2047
1136,446
1142,291
1142,4837
1163,3622
1163,2538
1163,1699
1163,1904
1163,1496
1163,2121
1163,775
1169,37
1169,4199
1181,213
1184,4984
119,464
1211,1773
122,1318
1235,4492
1238,3710
1238,3562
1238,3553
1238,4488
1238,1365
1238,2804
1238,962
1238,1635
1238,2626
1238,523
1238,1994
1238,1209
1238,1808
1238,1987
1238,291
1238,142
1238,3251
1238,2629
1238,2012
1238,1546
1238,1905
1238,1426
1238,716
1238,2321
1238,270
1238,2084
1238,2743
1238,753
1238,1790
1238,418
1238,601
1241,3070
1244,1550
1244,2389
1244,2315
1244,1018
1244,735
1244,947
1244,1958
1244,3273
1244,3005
1244,1863
1244,1904
1244,1402
1244,1797
1244,2429
1244,430
1244,1264
1244,2504
1244,2829
1244,3080
1244,849
1244,1884
1244,390
1244,4627
1244,4531
1244,4561
1244,4411
1244,4764
1244,4767
1244,3363
1244,4344
1244,4446
1244,4287
1244,4776
1244,4883
125,74
1250,1725
1256,1116
1271,2756
1289,3458
1298,4214
1298,3562
1298,3614
1298,3661
1298,4709
1298,520
1298,2528
1301,449
1304,2000
131,318
131,242
1310,148
1313,2175
1313,2052
1313,1483
1316,3187
1322,1625
1322,3011
1322,1260
1322,2196
1322,2680
1322,28
1322,2960
1322,2978
1322,4219
1322,4525
1322,4603
1322,3843
1337,4200
134,95
1340,1314
1340,4140
1343,947
1355,2859
1358,2073
1358,1197
1358,2126
1358,2397
1358,1625
1358,2005
1358,2129
1358,2771
1358,3477
1358,3872
1358,3388
1358,3402
1358,4517
1358,3643
1358,4670
1361,4383
1361,3572
1361,3562
1361,2546
1361,1316
1361,2196
1361,2626
1361,2804
1361,735
1364,2771
1364,2398
1364,1931
1364,2073
1364,2397
1364,2126
1364,1197
1364,414
1364,1173
1364,2281
1364,187
1364,1823
1364,2005
1364,1625
1364,2173
1364,2750
1364,2730
1364,213
1364,577
1364,3388
1364,3477
1364,3402
1364,3643
1364,3872
1364,4398
1364,4517
1364,4670
1367,1911
1379,4162
1379,3387
1379,3363
1379,4079
1379,3915
1379,3846
1379,4867
1379,3520
1379,4489
1379,2082
1379,545
1379,1818
1379,3005
1379,2121
1379,179
1379,90
1379,2388
1379,2302
1379,1884
1379,1402
1379,1141
1379,1231
1379,940
1379,2815
1379,3291
1379,2364
1379,1542
1379,1320
1379,1706
1379,1804
1379,849
1379,1369
1379,2902
1382,1654
1382,3610
1394,3195
1394,1496
1394,2193
1394,1666
14,49
14,30
140,391
1418,823
1418,1992
1418,2757
1418,3287
1418,4851
1418,3469
1418,4357
143,1459
1442,1584
1445,3061
1445,1927
1445,632
1445,520
1445,1465
1445,3531
1445,4392
1448,4126
1448,1112
1454,1465
1454,632
1454,520
1454,1927
1457,4126
1457,4772
1457,4479
1457,4998
1457,3873
1457,1059
1457,325
146,2321
146,3187
146,163
146,3887
1463,3885
1469,4418
1469,3539
1478,4786
1478,4775
1478,1925
1478,1821
1478,2766
1478,2675
1499,4939
1499,4936
1499,4870
1499,4061
1499,4310
1499,1167
1499,1066
1499,723
1499,1821
1499,735
1508,3293
1511,2658
1511,577
1511,419
1511,2429
1511,2829
1511,1823
1511,2730
1511,2315
1511,23
1511,1797
1511,1264
1511,3276
1511,430
1511,1812
1511,3080
1511,1931
1511,1018
1511,2152
1511,2281
1511,4627
1511,4883
1511,4344
1511,3387
1511,4446
1511,4767
1511,4604
1517,3978
1517,3977
1517,4939
1517,4398
1517,1173
1517,23
1517,2430
1517,2153
1517,3185
1517,440
1517,1264
1517,2660
1517,2950
1517,843
1517,2171
1517,2516
1517,2943
1517,1745
1517,2071
1517,1020
152,2321
152,2615
152,3187
152,2349
152,1336
152,321
152,3887
1535,4398
1535,1173
1544,3504
155,1420
1550,3286
1550,1322
1550,1055
1550,500
1550,2902
1550,297
1550,3291
1550,1000
1550,228
1550,2815
1550,1012
1550,179
1550,932
1550,3005
1550,1818
1550,1257
1550,1547
1550,2388
1550,2082
1550,582
1550,545
1550,1706
1550,785
1550,1231
1550,1141
1550,1369
1550,1230
1550,1278
1550,1542
1550,1320
1550,3915
1550,4079
1550,4196
1550,4767
1550,4217
1550,4700
1550,4489
1550,4182
1550,4861
1550,4867
1550,4774
1550,4359
1550,4162
1550,3846
1568,1446
1580,4195
1592,4867
1592,4767
1592,2722
1592,1278
1592,500
1592,3286
1592,1699
1592,1330
161,654
1616,3286
1616,500
1616,1278
1616,1330
1616,2722
1616,4767
1616,4867
1619,3469
1619,4357
1619,3287
1619,2363
1634,4894
164,2202
1640,3287
1640,823
1640,2363
1640,4357
1646,3778
1646,3310
1646,3572
1646,3562
1646,160
1646,1517
1646,2626
1646,2804
1646,3273
1646,1405
1646,735
1646,2546
1646,3214
1646,1316
1646,2196
1655,1090
1667,3847
1667,4050
1667,748
1667,1300
1667,1057
1667,1346
167,616
17,151
170,371
1721,1264
1721,1402
1721,520
1721,632
1721,1927
1721,1863
1721,1904
1721,1958
1721,3005
1721,2454
1721,2389
1721,849
1721,390
1721,1465
1721,3061
1721,947
1721,3273
1721,599
1721,1550
1721,3531
1721,4392
1721,4604
1721,4287
1721,3363
173,597
1730,747
1730,4061
1739,2644
1748,3371
176,1463
1766,3371
1799,2516
1799,440
1799,2071
1799,378
1799,2943
1799,1264
1799,1020
1799,1776
1799,2406
1799,23
1799,3083
1799,1173
1799,661
1799,2153
1799,531
1799,3185
1799,172
1799,2430
1799,1927
1799,3978
1799,4244
1799,3317
1799,4939
1799,4398
1799,4718
1814,4065
1823,3721
1829,3005
1829,4458
1838,4392
1838,4254
1838,3614
1838,3531
1838,599
1838,520
1838,1465
1838,3061
1838,632
1838,1927
1856,3539
1856,528
1874,1231
1895,4508
1904,4525
1904,4108
1904,3843
1904,4641
1904,3358
1904,3847
1904,3453
1904,4201
1904,4603
1904,4323
1904,4219
1904,4050
1904,4466
1904,2153
1904,3011
1904,633
1904,1625
1904,2960
1904,254
1904,3130
1904,2978
1904,2680
1904,1792
1904,748
1904,2961
1904,2196
1904,2226
1904,2646
1904,933
1904,28
1904,1733
1907,4649
1931,1065
1931,2054
1931,1765
194,2866
194,4777
1940,3370
1940,4561
1940,4701
1940,3539
1940,4035
1940,3185
1940,1020
1940,1264
1940,440
1940,1389
1940,23
1961,597
197,2321
197,3187
197,163
197,736
197,3887
1970,748
1973,1314
1979,3319
1985,4251
2,2
20,1733
20,3130
20,254
20,2680
20,1260
20,1792
20,2226
20,1625
20,2646
20,933
20,28
20,2960
20,2978
20,4603
20,3527
20,4219
20,4323
20,3843
20,4466
20,4525
20,4108
20,4201
20,3714
200,1668
2009,4033
2009,3377
2009,3669
2009,2515
2030,1625
2030,2978
2030,2960
2030,933
2030,2196
2030,2680
2030,1260
2030,3011
2030,4525
2030,4259
2030,4219
2030,3725
2030,4858
2030,3843
2039,4140
2039,1314
2042,528
206,539
2072,4681
2072,3494
2072,1592
2072,1655
2072,514
2072,190
2072,2126
2072,719
2078,414
2078,4998
2105,3887
2105,4035
2105,4344
2105,2000
2108,2429
2108,1944
2135,1724
215,538
215,223
215,2494
215,535
218,502
2189,1260
2189,2978
2189,933
2189,2680
2189,2196
2189,2960
2189,3011
2189,1625
2189,28
2189,3843
2189,4525
2189,4219
2189,4603
2192,4312
2192,4943
2192,2634
2192,2297
2192,414
2192,833
2210,374
2210,4649
2234,4488
2234,3424
2234,3428
2234,4867
2234,3885
2234,3643
2234,3363
2234,4079
2234,4861
2234,4525
2234,3496
2234,4915
2234,4952
2234,4922
2234,4701
2234,4162
2234,3915
2234,4592
2234,3682
2234,3399
2234,4603
2234,4219
2234,3905
2234,3843
2234,3846
2234,4844
2234,1542
2234,753
2234,2978
2234,2512
2234,1625
2234,1905
2234,1804
2234,90
2234,2815
2234,545
2234,849
2234,1369
2234,2454
2234,3011
2234,1209
2234,1071
2234,2615
2234,1814
2234,1635
2234,1943
2234,2902
2234,747
2234,1895
2234,418
2234,291
2234,3005
2234,448
2234,1867
2234,1782
2234,1402
2234,2388
2234,1818
2234,3098
2234,1332
2234,1141
2234,2082
2234,1884
2234,796
2234,1543
2234,270
2234,1269
2234,2755
2234,600
2234,1706
2234,2490
2234,2364
2234,2960
2234,500
2234,2638
224,652
224,72
224,2453
224,2618
224,1656
224,135
224,661
224,2406
224,1458
224,172
224,4718
224,3520
224,4244
224,4242
224,4629
2240,3622
2240,1699
2240,2538
2240,1904
2240,1496
2240,2121
2240,775
2240,190
2243,4786
2249,3669
2249,3610
2249,4033
2249,3377
2249,2515
2282,2196
2282,2960
2282,933
2282,2978
2282,1260
2282,28
2282,2680
2282,1625
2282,3011
2282,3677
2282,4525
2282,4219
2282,4603
2282,3843
2288,4603
2288,3843
2288,4525
2288,4219
2288,933
2288,1625
2288,3011
2288,2196
2288,1260
2288,2680
2288,28
2288,2960
2288,2978
23,341
230,286
2315,2815
2315,2902
2315,3387
233,1352
2339,1739
2339,932
2339,2680
2339,390
2339,2749
2339,3726
2360,23
2360,3185
2360,3014
2360,440
2360,1389
2360,1264
2360,1020
2360,4035
2360,4701
2360,4561
2375,2771
2375,2005
2375,213
2375,1625
2375,2129
2375,2126
2375,1197
2375,187
2375,3477
2375,3872
2375,3643
2375,3388
2375,3402
2375,4517
2375,4670
2378,4148
2381,2126
239,4772
2417,4219
2423,4398
2423,3682
2423,4219
2423,4592
2423,3496
2423,3428
2423,3843
2423,4701
2423,3885
2423,3399
2423,3905
2423,4525
2423,4922
2423,4952
2423,4603
2423,4844
2423,2173
2423,1071
2423,2490
2423,1823
2423,1895
2423,1173
2423,1814
2423,2454
2423,933
2423,2978
2423,1931
2423,1943
2423,1782
2423,796
2423,500
2423,1269
2423,747
2423,2730
2423,2960
2423,2755
2423,2758
2423,3098
2423,1332
2423,2281
2423,2269
2423,1625
2423,1867
2423,600
2423,577
2423,3011
2423,406
2429,1602
2435,283
2435,2113
2435,3301
2435,1733
2435,1792
2435,2588
2435,4108
2435,4304
245,256
2471,4487
2471,3924
2471,4035
2471,3502
2471,4374
2471,3370
2471,4453
2471,3539
2471,1510
2471,440
2471,1434
2471,2218
2471,3014
2471,1618
2471,1389
2471,2309
2471,3146
2471,2710
2471,3185
2471,1784
2471,3243
2471,998
2471,2505
2471,2486
2471,1020
2471,23
248,706
2483,3370
2483,4035
2483,2205
2486,3010
2486,1875
2486,3084
2486,1971
2489,1506
2498,381
2498,148
251,741
2522,2834
2522,2897
2534,600
2534,1625
2534,1071
2534,2960
2534,1943
2534,2000
2534,1332
2534,3098
2534,747
2534,1269
2534,1782
2534,2978
2534,2269
2534,1814
2534,1543
2534,2490
2534,796
2534,2755
2534,4665
2534,3843
2534,3428
2534,3399
2534,4922
2534,3885
2534,4525
2534,4219
2534,4603
2534,4844
2534,4592
2534,4952
2534,4701
2534,3905
2534,3496
2534,4915
254,635
2546,1257
2546,3643
2549,2364
2549,2748
2558,1547
2564,1745
2564,2950
2564,2660
2564,2071
2564,1197
2564,2771
2564,2005
2564,2171
2564,2129
2564,1422
2564,2073
2564,1625
2564,2126
2564,2397
2564,3477
2564,4517
2564,3402
2564,3977
2564,3643
2564,4670
2564,3872
2564,3388
2567,3721
2567,132
257,279
257,80
2570,614
2570,1332
2570,4457
2570,4551
2573,1720
2588,1173
2588,2173
2588,1931
2588,2730
2588,4398
26,4979
26,4323
26,4525
26,2960
26,53
26,2978
26,2680
26,2646
2606,2928
2606,2397
2606,1699
2606,2126
2606,2073
2606,1197
2606,2005
2606,2771
2606,2831
2606,520
2606,2388
2606,1625
2606,2129
2606,3872
2606,3477
2606,3643
2606,4517
2606,4670
2606,3402
2606,3388
2609,3622
2609,775
2609,1496
2609,2121
2609,2538
2609,190
2609,1699
2609,1904
2615,4310
2615,4061
2615,747
2621,3005
2621,1402
2621,115
2621,1884
2621,1231
2621,2902
2621,90
2621,1804
2621,3973
2621,4867
2621,3363
263,4610
263,1928
263,310
263,244
263,1496
263,583
263,659
263,1904
263,508
2645,4259
2645,4858
2645,3725
266,41
2660,1927
2660,1465
2660,520
2660,632
2666,852
2672,1821
2672,2675
2672,1879
2672,2766
2672,4775
2672,4287
269,4132
2690,3286
2699,3187
2699,2321
2699,3887
272,3871
2732,2071
2732,2430
2732,1264
2732,843
2732,1173
2732,440
2732,2660
2732,3185
2732,23
2732,1944
2732,2516
2732,2153
2732,1020
2732,2943
2732,2950
2732,1745
2732,2171
2732,3978
2732,3977
2732,4398
2732,4939
2750,4782
2756,1735
2756,2878
2756,3092
2756,1261
2762,3108
2768,1506
2768,4442
2780,4561
2780,4531
2780,735
281,4310
281,4061
281,747
281,1066
2849,3973
2858,4517
2858,3643
2858,3402
2858,3477
2858,4670
2858,3388
2858,3872
2858,2073
2858,2771
2858,2397
2858,302
2858,315
2858,1239
2858,2005
2858,213
2858,187
2858,2724
2858,185
2858,1625
2858,2398
2858,1858
2858,2126
2864,2514
287,892
287,2798
2870,1349
2870,783
2870,1953
2870,3080
2870,1464
2870,3276
2870,2315
2870,1812
2870,4280
2870,3387
2870,4604
2870,4767
2870,3759
2873,4442
2873,3853
2873,336
2873,1506
2876,2013
2876,2000
2876,1590
2876,2417
2876,2515
2876,4815
2876,3610
2876,3377
2876,4033
2876,3669
2876,4681
2879,3370
2879,4701
2879,4561
2879,3539
2879,4035
2879,440
2879,1389
2879,3185
2879,1618
2879,3014
2879,1020
2879,1434
2879,1264
2879,23
2885,2533
2885,2233
2888,3005
2888,545
2888,1141
2888,2388
2888,1884
2888,1706
2888,1818
2888,2364
2888,1402
2888,2082
2888,1257
2888,2815
2888,1804
2888,90
2888,1369
2888,849
2888,1542
2888,3915
2888,4162
2888,3363
2888,4079
2888,3846
2888,4861
2888,4867
2888,4489
2894,2575
29,146
2900,4867
2918,295
2921,4569
2936,4069
2936,4644
2936,3998
2936,1240
2942,23
2942,1264
2942,1020
2942,3014
2942,3185
2942,4035
2942,3370
2942,4701
2942,3539
2945,4455
2945,4936
2945,4870
2945,4939
2945,1789
2945,1345
2945,735
2945,1167
2945,1821
2945,2489
2945,2705
2945,2502
2948,440
2948,1389
2948,3185
2948,3014
2948,1020
2948,1264
2948,23
2948,3370
2948,3539
2948,4035
2954,4313
296,602
2963,2171
2963,412
2963,1293
2963,4061
299,647
3008,2879
302,2417
302,1269
302,4681
3020,4915
3020,4525
3020,4844
3020,4815
3020,3496
3020,3905
3020,4603
3020,3682
3020,3885
3020,4922
3020,3428
3020,4592
3020,3399
3020,4952
3020,3843
3020,4701
3020,3098
3020,2454
3020,1625
3020,1332
3020,1943
3020,2960
3020,500
3020,1814
3020,2755
3020,1071
3020,1782
3020,2978
3020,2490
3020,600
3020,1867
3020,406
3020,2000
3020,747
3020,796
3020,1269
3050,99
3062,528
3062,4280
308,1206
3089,4870
3089,4939
3089,735
3089,1789
3089,1821
3095,2902
3101,933
3101,28
3101,2978
3101,1625
3101,2960
3101,3011
3101,1260
3101,2196
3101,2680
3101,4603
3101,4219
3101,4525
3104,3562
3104,3572
3104,2626
3104,2804
3104,2196
3104,1550
3104,735
3104,2546
3104,1316
311,877
3116,2519
3125,132
3125,3721
3131,358
314,297
3158,23
3158,3185
3158,440
3158,1020
3158,1389
3158,3014
3158,1264
3158,3539
3158,4561
3158,4035
3158,4701
3158,3370
3167,4140
3167,1314
317,1414
3185,4035
3185,4701
3185,3539
3185,4561
3185,3370
3185,23
3185,1020
3185,3014
3185,3185
3185,1264
3185,1389
3185,440
32,80
32,279
320,4518
320,4539
3200,4803
3200,889
3200,164
3200,3091
3212,3643
3212,1257
3212,3156
3227,1173
3227,4867
3227,4398
3227,4402
323,1458
323,652
3230,430
3230,327
3230,3019
3230,2829
3230,3080
3230,3125
3230,1314
3230,2429
3230,1797
3230,1018
3230,3276
3230,4446
3230,4767
3230,4140
3230,3761
3230,4764
3230,4883
3230,4604
3230,4344
3230,4627
3230,4855
3242,3681
3254,4140
3254,1314
326,610
3275,4915
3275,3843
3275,4592
3275,3399
3275,4952
3275,3428
3275,4844
3275,3905
3275,4701
3275,4525
3275,4603
3275,4219
3275,3496
3275,3885
3275,747
3275,600
3275,3098
3275,1071
3275,2755
3275,796
3275,2454
3275,2960
3275,1867
3275,1895
3275,1782
3275,1625
3275,1814
3275,933
3275,1269
3275,3011
3275,500
3275,2269
3275,1943
3275,1543
3275,406
3275,2978
3275,2490
3275,1332
329,4803
329,889
329,3091
3302,4280
3326,4085
3368,3363
3368,4867
3368,1402
3368,1884
3368,1804
3368,1231
3368,849
3368,1257
3368,2902
3368,3005
3371,1240
3371,1985
3371,1485
3371,1316
3371,735
3371,160
3371,2196
3371,1786
3371,1550
3371,3214
3371,1517
3371,650
3371,2546
3371,1509
3371,1405
3371,4911
3371,4110
3371,3892
3371,3572
3371,3562
3371,3778
3371,4750
3371,4510
3371,3310
338,1335
3383,1465
3383,1927
3383,632
3383,520
3389,4867
3389,4767
3389,1278
3389,2722
3389,500
3389,1330
3389,3286
3395,213
3401,2516
3401,1173
3401,23
3401,2943
3401,440
3401,2153
3401,1020
3401,2430
3401,1944
3401,3185
3401,1264
3401,4939
3401,4398
3401,3978
341,3846
341,4162
341,3894
341,3915
341,4104
341,3887
341,3997
341,4861
341,4867
341,4287
341,4079
341,1141
341,2902
341,234
341,1550
341,1728
341,3288
341,2082
341,3273
341,1818
341,825
341,1904
341,1268
341,2389
341,947
341,1542
341,849
341,2374
341,1369
341,2388
341,1958
341,1264
341,390
341,1257
341,545
341,1231
341,1863
3419,818
3419,1789
344,3385
3449,4894
3464,1465
347,1659
3470,4062
3473,1944
3473,2429
3473,1905
3479,331
3479,661
3479,2430
3479,23
3479,2406
3479,3083
3479,2943
3479,2153
3479,1112
3479,0
3479,440
3479,1264
3479,531
3479,1020
3479,172
3479,3185
3479,1927
3479,1944
3479,4718
3479,4398
3479,3317
3479,4939
3479,3978
3479,4244
3479,4126
35,1184
350,423
350,2305
350,1465
350,2281
350,1293
350,364
350,4873
350,4061
3500,4803
3500,164
3500,1298
3500,889
3500,3091
3515,3850
3515,3024
3515,629
3515,1747
3515,1225
353,2964
356,4191
3575,3866
3581,3477
3581,4517
3581,4670
3581,1808
3581,1482
3581,239
3581,652
3587,3371
3587,4035
359,4482
359,1681
359,2439
3590,872
3590,1048
3602,2749
3602,3842
3611,3981
3617,381
3617,2073
3617,148
3617,2246
3617,2279
3617,3303
3617,4233
3617,4140
362,919
3638,1506
365,224
3650,1720
3656,1260
3656,2960
3656,3011
3656,2196
3656,2680
3656,933
3656,1625
3656,3843
3656,4525
3656,4219
3671,3843
3671,3399
3671,3447
3671,4844
3671,4701
3671,4592
3671,3496
3671,3885
3671,4525
3671,4219
3671,3905
3671,3997
3671,4915
3671,747
3671,2960
3671,2490
3671,1543
3671,2269
3671,1625
3671,933
3671,1269
3671,1814
3671,2755
3671,796
3671,3011
3671,600
3671,500
3671,1895
3671,1867
3671,1782
3671,406
3671,1332
368,828
3686,4259
3686,3725
3692,3061
3695,132
3695,823
3695,1133
3695,3287
3695,2363
3695,3721
3695,3469
3698,4701
3698,4035
3698,3370
3698,4561
3698,3539
3698,3014
3698,1020
3698,440
3698,23
3698,1264
3698,3185
371,1834
3752,1425
377,3658
3779,4126
3779,4998
3779,2199
38,63
380,1314
380,327
3812,2722
3812,1330
3812,3286
3812,500
3812,1278
3812,4867
3812,4767
3827,4998
383,3042
3833,190
3833,1699
3833,1496
3833,1904
3833,2538
3833,3622
3836,3842
3836,3562
3836,1169
386,147
3860,3014
3860,2884
3860,2083
3860,4729
3863,4359
3863,4700
3863,4767
3863,4774
3863,4811
3863,4196
3863,1278
3863,2722
3863,1012
3863,228
3863,3286
3863,582
3863,1230
3863,500
3863,1812
3863,785
3869,3363
3869,4867
3869,849
3869,1402
3869,3005
3869,1257
3869,2902
3869,1804
3869,90
3869,1884
3869,1231
3872,524
3872,1422
3872,479
3872,614
3872,1096
3872,1332
3872,4457
3872,4833
3872,3419
3872,4551
389,983
3896,325
3896,1059
3905,2978
3905,28
3905,933
3905,1625
3905,2960
3905,2226
3905,2680
3905,1792
3905,3130
3905,254
3905,1733
3905,2196
3905,735
3905,2646
3905,663
3905,1260
3905,2504
3905,4525
3905,3527
3905,4466
3905,4531
3905,4201
3905,4219
3905,3714
3905,4603
3905,4411
3905,3843
3905,4108
3905,4776
3905,4323
392,786
3926,2541
3926,632
3926,3061
3926,3288
3926,599
3926,2454
3926,3614
3926,4858
3926,3531
3926,4392
3932,4446
3932,4344
3932,4764
3932,4883
3932,4627
3932,4767
3932,430
3932,419
3932,2429
3932,2658
3932,3080
3932,2829
3932,2315
3932,1797
3935,632
3935,520
395,4870
395,4939
395,1821
395,2489
395,735
3956,3363
3956,2902
3956,1804
3956,90
3956,1231
3956,3005
3956,1257
3959,747
3959,4310
3959,4061
3977,1314
3977,4140
3989,4629
3989,3424
3989,3643
3989,2453
3989,2661
3989,1482
3989,1458
3989,2618
3989,2512
3989,1257
3989,2154
3989,1656
3998,1814
3998,600
3998,1895
3998,1543
3998,2454
3998,2960
3998,3011
3998,1071
3998,1821
3998,1625
3998,1947
3998,2269
3998,1789
3998,1332
3998,1269
3998,2490
3998,500
3998,3098
3998,1328
3998,1782
3998,1943
3998,2502
3998,2978
3998,796
3998,747
3998,1167
3998,3905
3998,4870
3998,3496
3998,4936
3998,4592
3998,4754
3998,3399
3998,4922
3998,3428
3998,3682
3998,4952
3998,4525
3998,4603
3998,3885
3998,4915
401,1140
4013,3286
4013,27
4013,228
4013,328
4013,1230
4013,1278
4013,1904
4013,1812
4013,4811
4013,3842
4013,4767
4013,4700
4013,4604
4016,1646
4016,2533
4022,4379
4037,947
404,1284
4040,4977
4040,1402
4040,1935
4040,2168
4040,2782
4040,36
4040,2858
4040,595
4046,3998
4046,4644
4064,1699
4064,2538
4064,1496
4064,2516
4064,2121
4064,775
4064,190
4064,1904
4064,3622
41,70
4106,4695
4106,2800
4115,1330
413,4035
413,2205
416,2363
416,3287
416,2757
416,4357
4163,3681
4166,302
4166,1239
4166,315
419,1671
4193,2000
4193,2092
4211,188
4211,743
4211,291
4211,2073
4211,2750
4211,490
4211,2005
4211,2398
4211,844
4211,977
4211,1392
4211,2724
4211,1625
4211,960
4211,49
4211,2397
4211,30
4211,3388
4211,3402
4211,4837
4211,3643
4211,4670
4211,3872
4211,4517
4211,3883
4214,4525
4214,3905
4214,4219
4214,4915
4214,4392
4214,3531
4214,3843
4214,4592
4214,3885
4214,4701
4214,4844
4214,4922
4214,3496
4214,1814
4214,600
4214,599
4214,1895
4214,2755
4214,747
4214,2490
4214,632
4214,1625
4214,3061
4214,1269
4214,1465
4214,2269
4214,520
4214,500
4214,2960
4214,796
4214,1782
4214,1867
4214,1927
4214,1543
4214,3011
4214,1332
4214,1943
4214,406
4223,1278
4223,1812
4223,3286
4223,4767
428,1379
4286,3681
4286,899
4286,213
4286,2777
4286,1475
4286,169
4286,954
4289,2233
4325,4736
4328,4952
4328,4701
4328,3496
4328,3885
4328,4915
4328,4592
4328,3843
4328,4922
4328,3559
4328,3399
4328,3682
4328,3428
4328,4844
4328,3905
4328,4219
4328,4603
4328,4525
4328,2960
4328,2755
4328,1867
4328,1332
4328,2269
4328,2490
4328,747
4328,1814
4328,600
4328,1895
4328,1269
4328,500
4328,796
4328,2978
4328,1543
4328,406
4328,3011
4328,1782
4328,1943
4328,1625
4328,2454
4331,3156
4352,4774
4352,4867
4352,4196
4352,4767
4352,4217
4352,4359
4352,4700
4352,1547
4352,1012
4352,500
4352,785
4352,1230
4352,582
4352,2722
4352,1330
4352,1322
4358,4803
4367,2722
4367,447
4367,4217
437,1294
4373,2546
4373,2196
4373,2626
4373,2804
4373,1316
4373,735
4373,3562
4373,3572
4373,4383
44,10
443,4681
443,1269
443,1590
443,2417
4436,3371
4454,338
4454,1322
4454,1812
4454,1012
4454,228
4454,1230
4454,1547
4454,500
4454,1278
4454,2722
4454,1330
4454,4359
4454,4767
4454,4811
4454,4774
4454,4217
4454,4700
4454,4867
446,1267
4460,1875
4460,1971
4460,3010
4460,3084
4460,2871
4460,3315
4460,4626
4460,4299
4478,1588
4481,134
449,4867
449,4767
449,1330
449,500
449,3286
449,228
449,1278
449,1812
449,2722
4493,381
4493,148
4493,4604
4499,1057
4499,633
4499,2246
4499,1300
4499,2823
4499,748
4499,2153
4499,2961
4499,3453
4499,4050
4499,3358
4499,4692
4499,3847
4499,4641
4499,4140
4508,1365
4517,1429
4520,1655
4520,1314
4520,4140
4547,1197
4547,2126
4547,187
4547,2771
4547,2129
4547,2397
4547,1625
4547,213
4547,2005
4547,4517
4547,3872
4547,3477
4547,4670
4547,3643
4547,3402
4547,3388
4556,3195
4556,1496
4556,2193
4559,390
4562,3721
4562,3610
4562,132
4562,1654
4565,2218
4565,3243
4565,2853
4565,3161
4565,2505
4565,2710
4565,1020
4565,1264
4565,2486
4565,998
4565,440
4565,3014
4565,2309
4565,1784
4565,3185
4565,23
4565,1374
4565,1389
4565,4701
4565,4035
4565,3502
4565,3924
4565,3370
4565,4487
4565,3539
4577,3214
4577,160
4577,2804
4577,1316
4577,2270
4577,1405
4577,735
4577,2626
4577,1550
4577,2546
4577,2196
4577,1517
4577,3778
4577,3310
4577,3562
4577,4110
4577,3842
4577,3572
4589,1225
4589,3024
4589,2191
4625,1469
4628,3098
4628,2454
4628,1625
4628,1943
4628,1782
4628,3011
4628,406
4628,2978
4628,1071
4628,796
4628,2960
4628,1269
4628,1895
4628,600
4628,1814
4628,747
4628,2490
4628,2269
4628,1332
4628,1867
4628,2755
4628,3885
4628,4915
4628,3428
4628,4592
4628,4922
4628,3399
4628,4844
4628,4576
4628,3682
4628,4603
4628,4952
4628,3496
4628,4525
4628,4701
4628,3905
4679,3323
4679,4943
4679,4312
4679,4062
4679,3562
4679,833
4679,438
4679,2332
4679,2634
4679,3225
4682,2417
4688,1465
4688,520
4688,632
4688,1927
47,68
4709,2632
4709,2092
4709,1116
4709,4442
4709,4613
4709,3722
4709,3388
4712,1822
4715,2533
4715,2715
4715,2233
4715,4837
4715,4736
4715,3361
4727,2878
4727,2685
4727,2539
4727,367
4727,3315
473,3353
473,4136
473,4718
473,2840
473,527
4730,2656
4748,1983
4748,1804
476,4343
476,1894
4763,3273
4763,1550
4778,3562
4781,2246
4781,1911
4781,1065
4781,2823
4781,2961
4796,4304
4796,3288
4799,825
4799,3756
4817,4458
4817,3005
4817,748
482,1266
4844,483
4844,924
4865,2397
4865,2126
4865,2771
4865,187
4865,2129
4865,2005
4865,1496
4865,1197
4865,2193
4865,1625
4865,213
4865,3643
4865,3477
4865,3872
4865,3388
4865,4517
4865,4670
4865,3402
4877,2079
488,4868
4889,3562
4889,3310
4889,3778
4889,3842
4889,3572
4889,3657
4889,4383
4889,4110
4889,2804
4889,134
4889,302
4889,160
4889,1517
4889,2270
4889,3214
4889,1316
4889,2196
4889,608
4889,315
4889,735
4889,1550
4889,1405
4889,1169
4889,2626
4889,3273
4889,2722
4889,2546
491,2146
4913,2943
4919,719
4919,1592
4919,2126
4919,3494
4940,3323
4940,3562
4940,438
4940,2332
4955,2153
4955,4894
4955,4398
4967,4199
497,4458
497,3005
497,748
5,14
50,26
506,4392
506,3531
506,4803
506,164
506,3061
506,520
506,599
506,632
506,3091
506,2454
506,889
509,2153
509,3416
515,3667
518,4939
518,4870
518,735
518,1821
518,2705
521,3585
524,1514
53,89
533,2711
536,2698
542,3573
542,1897
542,1418
542,1377
542,2171
542,491
542,485
542,2802
542,2135
542,423
542,967
542,906
548,3247
554,1644
557,4388
56,393
560,285
563,2683
566,906
569,114
569,1944
569,2429
572,852
578,1557
578,213
587,713
590,1449
596,2753
602,3025
605,1355
608,1734
614,3885
614,4458
614,4328
614,3840
614,748
614,1925
617,2759
62,115
62,4844
62,3434
62,3364
629,1944
632,2771
632,3233
632,2027
632,4273
641,134
644,2661
644,1482
644,652
65,761
650,4792
653,3048
659,1926
671,3897
68,1084
68,1141
68,947
68,1231
68,1264
68,2364
68,2815
68,1402
68,2858
68,545
68,2902
68,1542
68,1550
68,390
68,2082
68,3156
68,1958
68,1935
68,1804
68,90
68,1904
68,3273
68,1818
68,1863
68,4867
68,4861
68,3621
68,3894
68,3915
68,4079
68,4162
68,4489
680,2011
680,99
686,2743
689,2998
692,1465
692,632
692,520
692,1927
692,15
692,4374
695,3931
698,1634
704,4867
704,500
704,1278
704,3286
704,3253
704,2722
71,614
71,1422
71,4551
713,4102
716,2907
722,2671
728,947
734,3720
74,83
749,2578
749,807
758,2588
761,3286
761,1278
761,1330
761,500
761,2722
761,4867
761,4767
77,71
77,99
77,91
770,1308
770,2312
770,2000
770,4665
776,24
776,747
776,680
776,3353
776,4136
779,3022
782,2628
785,3719
794,3993
797,2193
8,57
800,4548
803,4142
806,986
812,4909
815,2665
818,2430
818,2516
818,2153
818,4398
821,3663
824,1835
827,4726
83,914
830,3139
833,2943
833,4998
845,3764
848,4736
86,251
866,4605
869,1612
872,4055
875,4767
875,3520
875,4867
875,1278
875,500
875,2722
875,3286
875,1812
875,3061
878,37
878,4199
881,2656
881,2949
881,2897
887,1425
89,427
890,1506
899,2027
899,2771
899,1814
899,4273
905,597
911,2833
914,132
914,3313
917,1169
917,1485
917,1240
917,4750
917,4911
92,193
920,2278
932,4510
932,4750
932,1485
932,2332
932,1240
935,1465
935,520
935,632
935,1927
95,72
953,3981
953,418
953,1072
962,2332
971,1927
971,4718
977,4224
980,71
980,91
980,99
983,748
986,3923
992,1173
992,2152
992,4398
0,1
1002,4987
1005,1657
102,2121
102,4126
102,4479
102,4998
1020,4701
1023,1230
1023,1012
1023,2815
1023,940
1023,3286
1023,1231
1023,2082
1023,1884
1023,1706
1023,2722
1023,1257
1023,3005
1023,582
1023,1804
1023,1542
1023,1278
1023,228
1023,1818
1023,545
1023,2388
1023,2902
1023,500
1023,1141
1023,785
1023,1547
1023,4861
1023,3915
1023,4767
1023,4811
1023,4196
1023,3387
1023,4774
1023,4079
1023,4359
1023,4162
1029,3804
1038,4383
1044,2153
1044,748
1050,4781
1071,2379
108,489
108,553
1089,3956
1092,3592
1095,4344
1095,4764
1095,4767
1095,4849
1095,4446
1095,1797
1095,214
1095,3080
1095,2658
1095,419
1095,2829
1095,2429
1095,954
1095,2315
1095,430
1101,4293
1107,4221
1122,1927
1122,520
1122,1465
1131,2588
1131,4518
1137,1335
114,174
1140,2777
1140,1611
1152,748
1152,2153
1158,1594
1158,2222
1158,1944
1158,2549
1158,2429
1158,3671
1167,1720
117,310
117,1496
1173,3542
1176,2777
1182,3598
1191,2794
12,31
120,250
1209,412
1209,1293
1209,2305
1209,2171
1209,4061
1212,4359
1212,4862
1212,1230
1212,2729
1221,2456
1221,1314
1221,4824
123,532
126,329
1266,1369
1266,2902
1266,1706
1266,2388
1266,3005
1266,1813
1266,1542
1266,194
1266,545
1266,3013
1266,15
1266,1510
1266,2082
1266,1231
1266,1804
1266,1402
1266,1818
1266,1141
1266,2815
1266,849
1266,304
1266,2364
1266,1257
1266,940
1266,1884
1266,4453
1266,4489
1266,4861
1266,3915
1266,4374
1266,4162
1266,3387
1266,3363
1266,3846
1266,4079
1266,4867
1281,735
1281,1821
1281,1789
1281,4870
1281,4939
1296,580
1296,2230
1299,748
1299,2153
1308,818
1308,1789
1317,1496
132,125
1320,418
1320,865
1320,678
1320,3215
1320,1529
1320,1243
1320,694
1320,1072
1320,2164
1320,1221
1320,1116
1320,4491
1320,3840
1320,4000
1320,4261
1320,3981
1320,4464
1320,4005
1323,2789
1332,4670
135,2199
135,717
1350,3014
1350,23
1350,1389
1350,1020
1350,440
1350,1264
1350,3185
1350,3539
1350,4035
1350,3370
1350,4561
1350,4701
1365,2474
1371,4273
1374,3286
1374,1012
1377,3447
1377,4138
138,489
138,553
1380,115
1395,1330
1395,1012
1395,228
1395,1278
1395,500
1395,1322
1395,1230
1395,2722
1395,785
1395,582
1395,1547
1395,4767
1395,4774
1395,4700
1395,4359
1395,4867
1395,4217
1395,4196
1398,3981
1401,3595
141,585
1410,2512
1410,2154
1410,3643
1410,3424
1416,3085
1431,4140
1431,3520
1431,901
1431,2027
1431,1314
1431,2121
144,652
144,239
1443,387
1443,2126
1443,2005
1443,2867
1443,1308
1443,2073
1443,3286
1443,342
1443,1625
1443,2397
1443,301
1443,2771
1443,3290
1443,2398
1443,3402
1443,4670
1443,4517
1443,3872
1443,4849
1443,3388
1443,3643
1443,4824
1443,3765
1443,3477
1449,2692
1452,447
147,945
1479,2515
1479,3610
1479,3377
1479,3669
1479,4033
1491,4182
1491,4198
1491,4398
1491,3291
1491,1173
1491,1823
1491,374
1491,2730
1491,1931
1491,997
1491,179
1491,3168
1491,2173
1491,526
1491,2281
1491,1320
1497,1482
1497,2661
1497,652
15,49
15,30
15,1467
150,794
1515,530
1515,2541
1515,2389
1515,4870
1515,4858
1527,1479
153,989
1539,3610
1539,3598
1539,1654
1542,932
1542,532
1542,297
1542,2675
1542,926
1551,115
156,271
1569,1506
1593,2268
1608,1789
1608,735
1608,1821
1608,4870
1608,4939
162,607
1623,2000
1623,4344
1644,4679
165,392
1650,1018
1650,2961
1650,2153
1650,1797
1650,748
1650,2829
1650,2429
1650,633
1650,2315
1650,4627
1650,4050
1650,4446
1650,3847
1650,4344
1650,4641
1650,3358
1650,4883
1650,4764
1650,4692
1650,4767
1650,3453
1662,2596
1674,281
1677,500
1677,3286
1677,1278
1677,2722
1677,4867
1677,4767
1701,3915
1701,4867
1701,4861
1701,4209
1701,3387
1701,4136
1701,4489
1701,3852
1701,3363
1701,3952
1701,3846
1701,4288
1701,4162
1701,1257
1701,1231
1701,2082
1701,3005
1701,1369
1701,1804
1701,1542
1701,1013
1701,2902
1701,1402
1701,527
1701,680
1701,1818
1701,545
1701,2815
1701,2388
1701,1706
1701,1141
1701,2364
1701,747
1704,1316
1704,4398
1710,2783
1710,1693
1713,3501
1725,748
1743,1260
1743,2092
1743,1693
1743,272
1743,257
1743,717
1743,1594
1743,2632
1743,1222
1743,4442
1743,3722
1743,3333
1743,3852
1743,4613
1743,4310
1743,3494
1743,3388
1743,4546
1746,3917
1746,1953
1752,2309
1752,440
1752,1071
1752,23
1752,1814
1752,1389
1752,1332
1752,2710
1752,2755
1752,3161
1752,2960
1752,796
1752,600
1752,2505
1752,2490
1752,500
1752,1895
1752,3146
1752,1782
1752,1020
1752,3011
1752,1264
1752,1374
1752,2486
1752,2853
1752,3243
1752,2127
1752,2454
1752,3185
1752,1943
1752,747
1752,2218
1752,1784
1752,2978
1752,1625
1752,1543
1752,3098
1752,4952
1752,4525
1752,3924
1752,4487
1752,4922
1752,4603
1752,4844
1752,3399
1752,4701
1752,3502
1752,3539
1752,4592
1752,4035
1752,4561
1752,4958
1752,3370
1752,3905
1752,3496
1752,3428
1752,3794
1752,3843
1752,3682
1752,4219
1752,4915
1752,3885
1755,3363
1755,4867
1755,1884
1755,1402
1755,849
1755,1257
1755,1804
1755,2902
1755,1231
1761,2387
1761,561
1761,809
1761,172
1761,2199
1761,1333
1761,3079
1761,1776
1761,2071
1761,2747
1761,824
1761,2675
1761,1139
1761,3656
1761,4702
1761,3668
1761,4606
177,437
1776,528
1779,4775
18,58
18,2575
180,909
1806,3020
1809,3098
1809,2269
1809,2978
1809,1543
1809,1269
1809,1943
1809,2454
1809,2755
1809,933
1809,3011
1809,1867
1809,1625
1809,406
1809,500
1809,796
1809,2960
1809,2490
1809,1814
1809,747
1809,1071
1809,1332
1809,4952
1809,3905
1809,3428
1809,3496
1809,4922
1809,4844
1809,3399
1809,4701
1809,3843
1809,4979
1809,4219
1809,4525
1809,4603
1809,3885
1809,4903
1809,4754
1809,4592
1809,3682
1815,3843
1815,4219
1815,3562
1815,4383
1815,3572
1815,4525
1815,4603
1815,2680
1815,28
1815,1316
1815,2978
1815,735
1815,3273
1815,2546
1815,2626
1815,3011
1815,1625
1815,1550
1815,933
1815,2960
1818,1625
1818,1789
1818,2398
1818,2705
1818,2005
1818,2126
1818,2073
1818,213
1818,735
1818,187
1818,2502
1818,1167
1818,977
1818,2489
1818,1821
1818,1345
1818,2724
1818,2397
1818,2771
1818,3402
1818,4670
1818,4939
1818,3643
1818,4517
1818,4936
1818,4870
1818,3388
1818,3872
183,755
1848,4142
1848,2126
1854,614
1854,1332
1854,1422
1854,4551
186,4061
186,1293
186,1953
186,412
186,2171
186,2305
1863,1821
1863,2459
1863,2516
1863,2766
1863,3952
1863,4943
1863,4775
1866,520
1866,632
1866,1465
1866,1927
1869,2783
1869,3520
1869,4632
1896,1197
1896,2005
1896,2071
1896,2129
1896,1625
1896,2397
1896,2126
1896,3873
1896,4670
1896,4517
1896,3477
1896,3643
1896,3402
1896,3872
1896,3388
1917,2961
1917,520
1917,1465
1917,748
1917,1776
1917,1927
1917,2153
1917,632
1917,599
1917,2675
1917,3061
1917,2071
1917,3358
1917,4692
1917,3531
1917,3453
1917,4641
1917,3847
1917,4392
192,315
192,302
1923,28
1923,2196
1923,71
1923,2960
1923,933
1923,2680
1923,2978
1923,1260
1923,91
1923,1625
1923,99
1923,3011
1923,4603
1923,3843
1923,4525
1929,2429
1929,1944
1932,2246
195,1359
1950,2153
1950,2516
1950,3185
1950,2071
1950,2430
1950,2660
1950,1020
1950,1173
1950,843
1950,440
1950,23
1950,1745
1950,2943
1950,2950
1950,2171
1950,1264
1950,4398
1950,3977
1950,3978
1950,4939
1953,3494
1953,4310
1953,4998
1953,257
1953,1260
1953,272
1953,2943
1959,480
1965,2961
1965,748
1965,633
1965,4050
1965,4861
1965,3358
1965,4641
1965,3847
1968,4033
1968,3669
1968,3610
1968,3377
1968,2515
198,3981
1983,2332
1983,3562
2004,1547
2004,3286
2004,1012
201,3273
201,1904
201,390
201,1141
201,1935
201,1814
201,1958
201,1255
201,1550
201,1402
201,1804
201,2364
201,2082
201,41
201,1863
201,2858
201,1231
201,1425
201,1818
201,1084
201,1542
201,1264
201,90
201,545
201,2815
201,2902
201,947
201,4489
201,4162
201,4867
201,4963
201,3915
201,4079
201,4837
201,3894
201,4861
201,4736
2019,3432
2019,4401
2019,1054
2019,2859
2019,3264
2019,1922
2019,754
2019,1701
2019,58
2019,3253
2019,3275
2019,2575
2019,98
2025,2656
2025,3608
2055,1231
2055,1818
2055,2715
2055,940
2055,2082
2055,2388
2055,2902
2055,1542
2055,1257
2055,1804
2055,3005
2055,2815
2055,1706
2055,545
2055,849
2055,1141
2055,3128
2055,3915
2055,3387
2055,4861
2055,3363
2055,4489
2055,4162
2061,4446
2061,3977
2061,4604
2061,4764
2061,4398
2061,3978
2061,4939
2061,4627
2061,4767
2061,4883
2061,4344
2061,1020
2061,1797
2061,430
2061,843
2061,2429
2061,440
2061,2071
2061,2430
2061,3080
2061,2153
2061,1264
2061,1812
2061,2171
2061,2950
2061,3185
2061,2516
2061,3276
2061,2829
2061,23
2061,1944
2061,1745
2061,2315
2061,1173
2061,1018
207,185
207,549
207,1060
207,186
2073,4402
210,179
210,426
210,4603
2106,4764
2106,4855
2106,3761
2106,4140
2106,4344
2106,4883
2106,4446
2106,4767
2106,2429
2106,430
2106,3019
2106,3125
2106,1018
2106,327
2106,1314
2106,419
2106,2829
2106,3080
2106,2658
2106,1797
2124,4061
2124,4310
2133,2061
2145,1958
2145,390
2145,1863
2145,1264
2145,2389
2145,296
2145,947
2145,1550
2145,1904
2145,3273
2145,3894
2151,3363
2151,1804
2151,2902
2151,1884
2151,130
2151,1402
2151,3005
2151,1231
2163,2153
2166,2575
2169,595
2169,2168
2169,2302
2169,2902
2169,2815
2169,2782
2169,3387
2178,1316
2178,2332
2178,636
219,969
2202,426
2202,179
2202,2397
2214,1332
2214,500
2214,796
2214,933
2214,1943
2214,2978
2214,1625
2214,1543
2214,2454
2214,1867
2214,406
2214,2269
2214,747
2214,2755
2214,3011
2214,2490
2214,2960
2214,1814
2214,1269
2214,3905
2214,4592
2214,4915
2214,3399
2214,3428
2214,4952
2214,4922
2214,3885
2214,4525
2214,3843
2214,4701
2214,4844
2214,3496
2214,4219
2220,387
2223,1618
2232,1592
2232,2126
2232,719
2232,3494
225,534
228,1074
2283,2312
2283,1308
2283,2268
2283,2000
2283,2656
2283,4665
2298,0
231,204
2328,2459
2343,2193
2343,1496
2358,1506
237,2586
2382,1264
2382,3185
2382,1020
2382,1389
2382,440
2382,3014
2382,23
2382,3370
2382,4701
2382,4561
2382,4035
2382,3539
2391,90
2391,1112
24,66
2412,315
2412,302
2412,325
2412,2626
2412,160
2412,735
2412,1517
2412,1787
2412,1059
2412,3214
2412,2546
2412,1550
2412,2196
2412,1405
2412,3273
2412,1316
2412,3310
2412,3562
2412,4383
2412,3512
2412,3572
2412,3778
2412,4110
2421,3539
2421,1727
243,584
2445,1506
2445,4442
2460,1496
2481,4998
2481,2943
249,2129
249,2771
249,2005
249,1625
249,2397
249,1197
249,2126
249,3643
249,4517
249,3402
249,3388
249,3872
249,4670
249,3477
2508,23
2508,440
2508,1389
2508,1020
2508,3185
2508,1264
2508,3539
2508,4035
2508,3370
2508,4561
252,667
2544,4586
2544,4140
2544,3363
2544,4855
2544,3894
2544,947
2544,1904
2544,849
2544,1958
2544,390
2544,327
2544,3005
2544,3019
2544,3273
2544,3125
2544,1550
2544,1314
2544,1264
2544,2389
2544,1863
255,1822
2556,1944
2556,2429
2562,3363
2562,2902
2562,1804
2562,1402
2562,1231
2562,1884
2562,3005
2562,1257
2562,849
2565,933
2565,2680
2565,1625
2565,3011
2565,1260
2565,2196
2565,2978
2565,28
2565,2960
2565,4525
2565,3843
2565,4219
258,3622
258,2121
258,2538
258,1496
258,1699
258,659
258,190
2586,2777
2589,2148
2601,2575
2601,1544
261,935
2625,1953
2625,593
2625,528
2637,4198
2637,997
2637,652
2637,526
2637,374
2637,1365
2637,3168
2649,114
2649,276
267,644
2673,4867
2673,3363
2673,4079
2673,4861
2673,3915
2673,4162
2673,3846
2673,1542
2673,2815
2673,1257
2673,1804
2673,1818
2673,849
2673,2082
2673,2388
2673,2250
2673,1369
2673,1884
2673,2364
2673,1402
2673,1141
2673,2902
2673,545
2673,3005
2673,1231
27,1392
27,844
27,490
27,187
270,2331
2712,4561
2712,3539
2712,4035
2712,4701
2712,3370
2712,1229
2712,2171
2712,1264
2712,3185
2712,440
2712,1422
2712,3014
2712,2071
2712,23
2712,1020
2712,1389
2724,2153
2724,748
273,3977
273,2660
273,2950
273,2071
273,1229
273,1745
273,2171
273,1422
2733,2397
2733,2005
2733,3388
2733,4670
2766,483
2775,0
2784,4035
2784,4701
2784,3370
2784,3539
2784,4561
2784,1264
2784,1020
2784,3185
2784,1389
2784,23
279,589
2802,2575
282,991
2823,2680
2823,444
2823,2978
2823,3011
2823,53
2823,2960
2823,2196
2823,933
2823,1625
2823,1260
2823,28
2823,4525
2823,3843
2823,4219
2823,4754
2823,4603
2823,4979
2826,3857
2847,1257
2847,3643
285,2340
2850,2330
2871,4736
2898,3014
2901,213
2901,652
2925,1718
2925,1543
2925,746
2931,3996
2934,4552
2934,3894
2934,3681
2934,2389
2934,3273
2934,390
2934,1904
2934,1550
2934,2487
2934,1958
2934,1863
2934,1264
294,748
294,2153
2943,1107
2943,2205
2943,1618
2943,1434
2946,1739
2946,1552
2946,1546
2946,390
2946,932
2946,2749
2946,3816
2946,4803
2964,1782
2964,2960
2964,600
2964,2490
2964,796
2964,1943
2964,2454
2964,2978
2964,2755
2964,1625
2964,1543
2964,3011
2964,2269
2964,500
2964,406
2964,1814
2964,1269
2964,933
2964,3098
2964,1332
2964,1071
2964,1867
2964,3905
2964,4603
2964,3428
2964,4592
2964,4754
2964,4576
2964,4844
2964,4952
2964,4979
2964,4922
2964,4701
2964,4219
2964,3682
2964,3496
2964,4915
2964,3885
2964,3843
2964,4525
297,268
2973,1173
2973,4398
2985,57
2988,3014
2988,440
2988,1434
2988,23
2988,1264
2988,1389
2988,1020
2988,1618
2988,4561
2988,3539
2988,3370
2988,4701
2988,4035
2994,4044
2994,1537
3,349
3015,485
3021,228
3030,997
3030,652
3030,3168
3030,374
3030,526
3030,4198
3033,4522
3033,272
3042,3681
306,3185
306,338
3075,4219
3075,4603
3075,3843
3075,4525
3075,1625
3075,2196
3075,933
3075,2960
3075,2978
3075,3011
3075,1260
3075,672
3087,1320
3087,719
3087,1452
3087,3885
3132,1720
3135,719
3135,3494
3153,3978
3159,3816
3159,3971
3159,932
3159,1739
3159,390
3168,4364
3177,1557
3177,2777
3177,169
3177,2585
3177,4259
3177,3681
318,874
3183,3086
3186,2218
3186,1389
3186,3243
3186,2309
3186,3146
3186,2486
3186,2710
3186,3161
3186,2853
3186,998
3186,1020
3186,440
3186,3185
3186,23
3186,1264
3186,1784
3186,1374
3186,2505
3186,3924
3186,3502
3186,4701
3186,4035
3186,4958
3186,4561
3186,4487
3186,3370
3186,3539
3189,4665
3189,4280
3189,4488
3189,1808
3189,2312
3189,270
3189,2000
3189,2656
3189,1308
3189,448
3189,2268
3189,291
3189,1209
3189,418
3189,1635
3189,753
3189,1905
3201,4035
3201,3370
3201,1389
3201,1264
3201,440
3201,23
3201,3014
3201,3185
3201,1020
321,1176
3219,3011
3246,1808
3246,2005
3246,2397
3246,3388
3246,4670
3255,4344
3255,4446
3255,4883
3255,4764
3255,4627
3255,4767
3255,1797
3255,2315
3255,1018
3255,2429
3255,430
3255,3080
3255,2829
3279,4062
3285,3872
3285,3477
3285,4670
3285,3388
3285,3468
3285,3402
3285,4517
3285,3152
3285,213
3285,187
3285,3166
3285,115
3285,1625
3285,2073
3285,1049
3285,2398
3285,2144
3285,2126
3285,1197
3294,3024
3294,2191
3294,1225
3303,1107
3318,1264
3318,23
3318,3014
3318,3185
3318,1020
3318,3539
3318,3370
3318,4035
3324,3387
3324,2815
3324,444
3324,1804
3324,940
3324,2902
333,130
333,4313
333,3905
333,4517
3333,2575
3357,190
3357,2588
3357,1482
3357,514
3357,4398
3357,4681
336,738
3360,1245
3399,2071
3399,1776
3399,2675
3399,2823
3399,4140
3411,2459
3420,719
3420,3494
3459,4916
3459,1418
3480,1884
3480,2902
3480,1231
3480,1257
3480,1804
3480,3005
3480,3387
3480,4867
3495,4952
3495,4603
3495,3399
3495,3885
3495,4701
3495,4922
3495,3428
3495,3682
3495,3905
3495,3843
3495,4592
3495,4525
3495,3496
3495,4219
3495,4844
3495,4915
3495,1269
3495,2978
3495,1814
3495,2755
3495,1543
3495,1895
3495,1071
3495,600
3495,933
3495,2490
3495,3098
3495,406
3495,796
3495,1782
3495,747
3495,2269
3495,1867
3495,1625
3495,1943
3495,500
3495,2960
3495,1332
3495,2454
3495,3011
3510,1720
3516,4592
3516,3496
3516,3905
3516,4219
3516,4844
3516,3843
3516,3399
3516,3885
3516,4701
3516,4922
3516,3428
3516,4603
3516,3682
3516,4915
3516,4952
3516,4383
3516,4525
3516,500
3516,1543
3516,406
3516,1332
3516,2755
3516,1867
3516,2960
3516,1814
3516,3098
3516,933
3516,2978
3516,1895
3516,3011
3516,1071
3516,747
3516,600
3516,2454
3516,1943
3516,1625
3516,1269
3516,1782
3516,2269
3540,2742
3540,2890
3540,4421
3564,3399
3564,3843
3564,4525
3564,4701
3564,4603
3564,4922
3564,3885
3564,3428
3564,3496
3564,4592
3564,4952
3564,4219
3564,3905
3564,4844
3564,3371
3564,3682
3564,4915
3564,1814
3564,2454
3564,500
3564,3098
3564,2960
3564,1269
3564,796
3564,1895
3564,2403
3564,1071
3564,747
3564,1625
3564,2490
3564,1543
3564,2755
3564,406
3564,1782
3564,600
3564,1332
3564,1943
3564,1867
3564,2978
3564,933
3567,4839
357,298
3570,867
3594,1042
3594,275
3594,2831
3594,3191
3594,1654
3594,3610
3594,4035
36,86
360,2105
363,1060
363,1858
363,549
363,186
363,185
3633,3424
3633,3643
3633,1257
3633,2154
3633,2512
3639,1812
3639,3286
3639,582
3639,1776
3639,2315
3639,1654
3639,3080
3639,228
3639,2722
3639,1797
3639,1547
3639,430
3639,1322
3639,2429
3639,500
3639,1278
3639,1230
3639,3276
3639,1012
3639,785
3639,4344
3639,4196
3639,3387
3639,4627
3639,4764
3639,4359
3639,4604
3639,4774
3639,4811
3639,4446
3639,4700
366,2460
3663,4458
3663,3005
3663,748
3666,1812
3666,2749
3666,3276
3666,3080
3666,2315
3666,4604
3666,3387
3666,4767
3666,3842
369,4111
3690,3721
3690,4736
3690,132
3693,1308
3693,2000
3693,2268
3693,2312
3693,2656
3693,4479
3693,4998
3693,4126
3693,3873
3696,3323
3696,3562
3696,2332
3696,438
3696,240
3702,1278
3702,500
3702,1812
3702,2722
3702,4867
3702,4767
3705,2446
372,715
3723,3894
3723,2510
3723,1253
3723,3128
3723,179
3723,426
3723,2715
3723,954
3735,1983
3735,2902
3735,1804
3735,2142
3735,90
3735,3363
3741,387
3741,3286
375,1218
3756,2321
3756,2084
3756,1546
3756,2743
3756,1994
3756,1330
3756,1592
3756,2626
3756,448
3756,3562
378,2297
381,1927
381,520
381,1465
381,632
3819,2092
3837,1550
3837,3273
3837,1154
384,1460
3846,4035
3849,1547
3849,2722
3849,500
3849,736
3849,1230
3849,1330
3849,2349
3849,3187
3849,1012
3849,1322
3849,582
3849,321
3849,2615
3849,163
3849,2321
3849,228
3849,1278
3849,4196
3849,4217
3849,4359
3849,4867
3849,4774
3849,4700
3855,27
3864,4142
3873,3608
3873,775
3873,1229
3876,3643
3882,3843
3882,4754
3882,4525
3882,4219
3882,4979
3882,933
3882,28
3882,2196
3882,3011
3882,1260
3882,2960
3882,1625
3882,53
3882,444
3882,2680
3891,2538
3891,190
3891,1699
3891,1904
3891,775
3891,1496
3891,2121
3891,3622
39,598
39,464
390,2344
3906,1755
3906,2710
3906,2218
3906,3161
3906,1264
3906,2127
3906,23
3906,3146
3906,2505
3906,2486
3906,1784
3906,3014
3906,1389
3906,440
3906,3185
3906,1020
3906,2853
3906,3502
3906,4958
3906,3370
3906,3924
3906,4701
3906,4035
3906,4561
3921,4590
393,4803
393,164
3930,4487
3930,523
3933,440
3933,1374
3933,3146
3933,2127
3933,23
3933,1020
3933,1264
3933,2486
3933,2309
3933,3185
3933,2505
3933,2710
3933,2853
3933,1389
3933,446
3933,2218
3933,998
3933,3243
3933,3161
3933,1784
3933,2047
3933,3539
3933,3370
3933,3502
3933,3924
3933,4561
3933,4487
3933,4035
3933,4701
3933,4958
396,1149
3960,1314
3963,4531
3963,4561
3963,4776
3963,3681
3963,2504
3963,663
3963,735
3963,2715
3963,2487
3975,1482
3975,2661
399,2943
399,2057
399,4998
3990,4140
3990,412
3990,2246
3990,2823
3990,1911
402,4565
402,3968
402,4104
402,4894
402,94
402,1728
402,1994
402,825
402,1268
402,234
402,3288
402,1389
402,2374
402,159
4035,4701
4035,3370
4035,4035
4035,3539
4035,4561
4035,1264
4035,1389
4035,1020
4035,440
4035,3185
4035,23
4044,2859
4044,1922
4044,58
4044,1701
4044,2575
4044,754
4044,3264
4044,1054
4044,4401
4050,1797
4050,2315
4050,1018
4050,2829
4050,2429
4050,430
4050,477
4050,3080
4050,419
4050,2658
4050,4627
4050,4344
4050,4767
4050,4446
4050,4883
408,3032
4086,2634
4086,2297
4086,833
4086,4943
4086,4062
4089,3432
4089,3264
4089,1054
4089,1922
4089,1701
4089,1404
4089,754
4089,3275
4116,2575
414,224
417,4517
417,3643
417,4670
417,3531
417,3477
417,3402
417,3388
417,4392
417,1197
417,1927
417,2398
417,2073
417,632
417,1625
417,1465
417,3061
417,2126
417,187
417,2454
417,213
417,520
42,91
42,71
42,99
420,1195
4200,1389
4206,2656
423,1904
423,2858
423,1264
423,1550
423,2388
423,1818
423,1863
423,3273
423,2902
423,1935
423,1425
423,545
423,2082
423,1958
423,1231
423,1402
423,947
423,90
423,2364
423,1084
423,1141
423,390
423,1804
423,1542
423,1814
423,2815
423,3894
423,4837
423,4489
423,4162
423,4079
423,3915
423,4861
423,4867
423,4963
423,4736
4239,1071
4239,3098
4239,18
4239,1943
4245,4522
4245,272
4248,430
4248,3619
4260,4649
4260,3721
4260,132
4266,387
4269,3843
4269,4603
4269,4525
4269,4219
4269,444
4269,933
4269,1260
4269,2978
4269,3011
4269,2960
4269,99
4269,2196
4269,71
4269,1625
4269,3301
4269,28
4269,2680
4269,91
4278,735
4278,4531
4278,4561
429,1058
4290,4969
4290,4458
4290,748
4290,3005
432,1844
4323,447
4323,4386
4323,4893
4338,4148
4338,4104
4338,3671
4338,3997
4338,3887
4338,159
4338,1994
4338,825
4338,1728
4338,94
4338,3288
4338,2374
4338,2429
4338,1594
4338,1944
4338,1268
4338,2222
4338,234
4344,1422
435,1021
4356,849
4356,2902
4356,1884
4356,1257
4356,1402
4356,1804
4356,1231
4356,90
4356,3005
4356,3363
4356,4867
4374,4259
4374,4209
4374,4858
4374,4136
4374,3353
4374,3725
4374,3870
4374,4288
4374,3852
4374,3669
4374,747
4374,2840
4374,1013
4374,1977
4374,3128
4374,680
4374,24
4374,336
4374,527
4377,2025
438,2771
438,3911
4398,4136
4398,3952
4398,3852
4398,3363
4398,4209
4398,3353
4398,3894
4398,680
4398,1863
4398,3273
4398,2840
4398,1958
4398,849
4398,1154
4398,390
4398,3005
4398,2389
4398,1013
4398,2354
4398,1904
4398,527
4398,1402
4398,1264
4398,1550
441,3362
4413,2502
4413,1789
4413,1167
4413,2489
4413,735
4413,2705
4413,1345
4413,1821
4413,4455
4413,4870
4413,4936
4413,4939
4419,2092
4419,1222
4419,2632
4419,3388
4419,4649
4419,4546
4419,3722
4419,4613
4419,4442
4422,1116
4422,2092
4422,2632
4422,4442
4422,4613
4422,3722
4422,3388
4428,3469
4428,4357
4428,2363
4428,1992
4428,1925
4428,3287
4428,2757
4434,2576
4434,977
4464,4383
4467,1646
4467,1904
447,2996
4473,1116
4473,1229
4494,4718
45,149
450,2392
450,924
450,483
4515,3286
4515,2722
4515,500
4515,1278
4515,4767
4539,2531
4539,24
4539,4136
4539,3478
4539,3353
4551,3843
4551,1313
4551,184
4551,2005
4557,2928
456,1396
4563,4665
4563,2000
4563,2312
4563,2268
4563,2656
459,2995
459,4004
459,3998
459,4644
4590,4383
4590,3562
4590,3572
4590,2626
4590,2546
4590,1550
4590,2196
4590,3273
4590,735
4590,1316
4644,132
465,944
4671,4316
4677,4142
468,3629
4686,3681
4713,3494
4713,719
4713,2126
4713,1592
4728,735
4728,1316
4728,2626
4728,2546
4728,2196
4728,1550
4728,3273
4728,1169
4728,2804
4728,3562
4728,3572
4728,4383
4731,3477
4731,4670
4731,3872
4731,3388
4731,3402
4731,4517
4731,3643
4731,2315
4731,1197
4731,2005
4731,1808
4731,1625
4731,187
4731,2397
4731,2126
4731,213
474,1906
4752,1314
4752,4140
4755,2027
4755,2121
4761,652
4761,1482
4761,2661
477,1622
4782,4383
4782,3562
4782,4110
4782,3778
4782,3310
4782,3572
4782,2546
4782,1550
4782,2196
4782,1405
4782,3214
4782,2626
4782,315
4782,3273
4782,735
4782,2804
4782,1316
4782,302
4782,2510
4782,160
4803,1736
4803,3508
4827,3432
4827,4401
4827,3264
4827,3275
4827,1922
4827,1925
4827,58
4827,754
4827,2460
4827,2859
483,3799
4830,4870
4830,4939
4830,4936
4830,4455
4830,2502
4830,1789
4830,1821
4830,735
4830,1345
4830,2489
4830,2705
4830,1167
4845,2315
4848,28
4848,2680
4848,2196
4848,1625
4848,933
4848,3011
4848,2960
4848,1260
4848,3843
4848,4525
4848,4219
4854,4398
4875,91
4875,71
4884,2675
4884,3005
4884,1776
4884,390
4884,1264
4884,1863
4884,1904
4884,1550
4884,947
4884,2840
4884,1958
4884,680
4884,2389
4884,24
4884,1013
4884,747
4884,2071
4884,527
4884,3273
4884,849
4884,1402
4884,4136
4884,4209
4884,3353
4884,4287
4884,3852
4884,3952
4884,3894
4884,3363
489,4140
489,1314
4923,1425
4929,632
4929,1229
4929,2454
4929,1893
4929,520
4929,3531
4929,4392
4941,2295
4941,1425
4941,1322
4941,2946
4941,2146
4941,2770
4941,1167
495,2072
4953,4801
4953,4488
4953,1635
4953,448
4953,1249
4953,1365
4971,2533
4971,315
4971,302
4971,1239
4971,1904
4971,1646
4977,265
498,2484
501,504
504,2894
507,1690
51,1392
51,844
51,291
51,490
519,2429
519,1944
522,2321
522,1546
522,2743
522,2084
522,1330
522,448
522,3562
522,3553
525,3494
525,4310
525,272
525,1260
525,257
525,2721
528,1913
534,2661
534,1482
534,652
54,2780
540,4352
546,924
549,1904
549,244
549,1496
552,3370
552,4561
552,4701
552,3681
552,3539
552,4035
552,2660
552,23
552,3185
552,1389
552,440
552,1264
552,3014
552,1020
555,4238
558,4681
558,2013
558,2417
561,1533
567,981
579,2007
585,926
585,2121
591,600
591,2490
591,1269
591,1543
591,933
591,2755
591,2978
591,1332
591,1071
591,1814
591,2269
591,1943
591,406
591,3098
591,2960
591,796
591,3011
591,1867
591,1782
591,747
591,214
591,1625
591,500
591,2454
591,4603
591,4219
591,3843
591,3885
591,4754
591,4915
591,4592
591,4525
591,4576
591,4922
591,3399
591,4701
591,4979
591,3905
591,3428
591,4844
591,4952
591,3682
591,3496
594,3113
6,3562
6,2084
6,1994
6,448
6,2743
6,1330
6,2626
6,142
6,2804
6,2321
6,1546
6,1592
60,1693
60,717
60,1260
60,257
60,3333
60,4310
60,3852
60,3494
606,1702
609,440
609,3185
609,1389
609,1264
609,1020
609,23
609,3539
609,3370
609,4561
609,4701
609,4035
612,4144
615,3346
618,577
621,2768
624,1775
627,2263
630,1057
630,2153
630,633
630,1690
630,1550
630,748
630,3273
630,3358
630,4050
630,3453
630,3847
630,4641
630,4692
630,4457
645,3383
651,1260
651,272
651,3494
651,4310
651,3333
654,4870
654,4939
654,1345
654,1821
654,735
66,356
660,2869
669,4274
675,3977
675,3608
675,843
675,2656
675,2171
675,775
675,1745
675,2660
675,2950
675,2071
675,1229
684,1102
687,3062
69,311
696,4407
699,2691
705,2329
717,4340
72,3887
72,2321
72,321
72,736
72,163
72,3187
723,3353
723,527
723,24
723,747
729,3171
732,1072
732,1116
732,418
732,3981
735,4998
735,2943
75,283
750,2153
750,633
750,748
750,4718
753,2011
759,789
768,1699
768,775
768,2538
768,1904
768,2121
768,3622
780,2756
786,3555
792,1083
795,2873
795,302
798,2913
81,3887
81,3997
81,3288
813,2575
816,3496
816,3399
816,3905
816,3682
816,3428
816,4701
816,4922
816,4915
816,4592
816,4219
816,4844
816,4952
816,3885
816,4525
816,4603
816,3843
816,3098
816,2978
816,1867
816,1543
816,2755
816,1814
816,500
816,1782
816,1332
816,1625
816,2960
816,1895
816,933
816,2454
816,796
816,1071
816,3011
816,1943
816,600
816,406
816,2490
834,2777
834,954
834,213
834,4259
834,3681
84,674
840,4998
840,3873
840,4126
846,1278
846,500
846,3286
846,1812
846,228
846,2722
846,4767
849,4219
849,4525
849,3843
849,99
849,71
849,933
849,1260
849,2680
849,91
849,28
849,2196
849,2960
849,1625
849,3011
852,633
852,748
852,2153
852,483
858,3983
867,1911
87,388
870,4475
879,2281
879,423
879,1747
879,364
879,1508
879,2171
879,727
879,412
879,764
879,528
879,762
879,1301
879,4061
879,3759
879,3419
879,4143
879,4873
882,3974
885,4551
885,4457
885,1422
885,1332
885,614
888,3740
891,24
891,747
9,33
90,394
903,2354
909,4217
909,4811
909,4774
909,4764
909,4446
909,4196
909,4867
909,4359
909,4700
909,4604
909,785
909,430
909,3163
909,1322
909,1012
909,2722
909,2315
909,228
909,1547
909,2429
909,3276
909,1018
909,1230
909,3080
909,582
909,500
909,1797
909,1278
918,4196
918,500
921,3390
924,3071
927,3706
93,4108
93,4603
93,4702
93,3843
93,4201
93,3714
93,4219
93,3668
93,3656
93,4525
93,4323
93,4466
93,2960
93,2646
93,254
93,824
93,444
93,2680
93,3011
93,1260
93,28
93,1333
93,2387
93,3079
93,2978
93,2199
93,1625
93,1733
93,1792
93,2226
93,53
93,2747
933,3981
933,418
933,1116
936,1822
948,3286
948,500
948,2722
948,1278
948,4867
948,4767
951,4767
951,4604
951,3276
951,2315
951,1252
951,3080
951,1812
954,2397
954,1808
954,2005
954,4670
954,3388
96,270
960,2966
969,3981
1,4929
1,15
10,51
100,495
1003,930
1009,2057
1009,4998
1009,4790
1015,4357
1015,1992
1015,2363
1015,3287
1015,130
1021,2766
1021,2675
1021,1659
1021,947
1021,4287
1021,3346
1021,4775
1021,3663
103,854
1042,4906
1060,4649
1060,0
1063,4025
1069,3057
1081,1314
1081,4140
1087,1550
1087,735
1087,2196
1087,1316
1087,3273
1087,1787
1087,2546
1087,2626
1087,1169
1087,3572
1087,3842
1087,3562
1087,4383
109,3917
109,128
1090,2943
1090,4998
1093,4837
1093,4328
1093,290
1096,4193
1102,148
1114,1814
1114,2027
1114,4320
1114,4273
1117,115
1117,2332
1129,3611
1141,1821
1141,735
1141,1789
1141,4870
1141,4939
1144,3632
1156,1636
1171,1779
1177,3163
118,173
118,116
1189,2092
1204,584
1204,290
1204,325
1204,374
1204,1496
1204,4786
121,509
1213,4894
1228,747
1228,4061
1228,4310
1237,527
124,458
1240,3125
1240,327
1240,2515
1240,1314
1240,3019
1240,3761
1240,3377
1240,4855
1240,4586
1249,4935
1255,4313
1255,4517
1255,3905
1261,3643
1270,3185
1270,1389
1270,23
1270,1264
1270,1020
1270,440
1270,4035
1270,3539
1270,3370
1276,3939
1282,2246
1285,4148
1288,977
1294,1789
1294,735
1294,1821
1294,4936
1294,4939
1294,4870
1297,4776
1297,4108
1297,4525
1297,4219
1297,3527
1297,4531
1297,4466
1297,4201
1297,4979
1297,4754
1297,4411
1297,3843
1297,444
1297,1792
1297,2196
1297,1260
1297,254
1297,1733
1297,3130
1297,2646
1297,2680
1297,2504
1297,663
1297,28
1297,2226
1297,933
1297,1625
1297,735
1297,2960
1297,53
13,512
1303,2005
1303,2126
1303,2153
1303,1808
1303,2771
1303,213
1303,748
1303,187
1303,4517
1303,4670
1303,3643
1303,3388
1303,3872
1303,3402
1312,2026
1315,2199
1327,1316
1327,1314
1327,4140
133,1111
1354,2976
1357,3677
1360,3371
1363,3158
1369,291
1375,4061
1375,1293
1375,2171
1375,2305
1375,1465
1375,3085
1375,412
1378,448
1378,2804
1378,2743
1378,1592
1378,1994
1378,1546
1378,2084
1378,2626
1378,2321
1378,1330
1378,3562
1384,1897
1399,2575
1405,4736
1405,134
1405,2722
1411,595
1411,2168
1411,817
1417,4775
142,4969
142,203
1423,3775
1429,538
1429,223
1429,4111
1444,4162
1444,3363
1444,2902
1444,1257
1444,1231
1444,3005
1444,849
1444,1804
145,186
145,1060
145,549
145,185
148,621
1489,3316
1492,3531
1492,3419
1492,4392
1492,4061
1492,4873
1492,412
1492,3061
1492,2454
1492,2281
1492,632
1492,364
1492,1465
1492,423
1492,2171
1492,520
1507,3005
1507,1257
1507,90
1507,2902
1507,849
1507,1884
1507,1804
1507,4867
1507,3363
151,780
1534,4783
1537,4852
154,4374
154,15
154,304
157,294
1570,4607
1570,4142
1582,4128
1582,3589
1582,3816
1582,3214
1582,88
1582,1845
1582,155
16,173
16,116
160,285
1600,4494
1615,747
1615,4310
1615,4061
1627,3324
1627,2575
163,2820
163,315
163,302
1633,747
1633,24
1633,527
1633,4136
1636,4897
1651,962
1651,2629
1651,3214
1651,1316
1651,1790
1651,2743
1651,1257
1651,1550
1651,1592
1651,2270
1651,2084
1651,3273
1651,2196
1651,523
1651,142
1651,735
1651,2012
1651,448
1651,1365
1651,1517
1651,2512
1651,2546
1651,2154
1651,3251
1651,2321
1651,160
1651,1994
1651,1987
1651,1405
1651,3553
1651,3842
1651,3778
1651,3310
1651,4110
1651,3710
1651,3657
1651,3572
166,3833
1660,1314
1663,748
1663,3005
1663,2749
1663,4328
1663,4458
1663,3840
1666,2233
1675,1592
1675,719
1675,3494
169,670
1696,500
1696,1322
1696,1230
1696,3286
1696,1547
1696,582
1696,1330
1696,2722
1696,1012
1696,785
1696,228
1696,1278
1696,4359
1696,4196
1696,4217
1696,4774
1696,4767
1696,4867
1717,4035
1717,4701
1717,4561
1717,3539
1717,3370
1717,23
1717,3185
1717,1264
1717,3014
1717,1389
1717,1020
1717,440
172,698
1726,2771
1726,2781
1726,1814
1726,4273
1741,2968
1744,2658
1744,1018
1744,1812
1744,2429
1744,1797
1744,3276
1744,2829
1744,2540
1744,419
1744,2315
1744,3080
1744,4767
1744,4446
1744,3387
1744,4883
1744,4627
1744,4344
1744,4764
1744,4604
1747,2153
1747,748
1762,2815
1762,2082
1762,90
1762,2388
1762,1402
1762,1706
1762,1804
1762,1818
1762,545
1762,2364
1762,1257
1762,3005
1762,1884
1762,1542
1762,1141
1762,849
1762,1369
1762,3363
1762,4565
1762,4861
1762,4867
1762,4489
1762,3846
1762,4079
1762,3915
1762,4162
1768,4979
1768,4219
1768,4754
1768,3843
1768,4525
1768,4398
1768,4603
1768,53
1768,1625
1768,933
1768,444
1768,2960
1768,28
1768,1260
1768,3011
1768,2196
1768,2978
1774,23
1774,1264
1774,1389
1774,1020
1774,3014
1774,3185
1774,4035
1774,3370
1774,4701
1774,3539
1789,419
1789,2315
1789,2829
1789,1018
1789,3080
1789,430
1789,2658
1789,1797
1789,2429
1789,4627
1789,4764
1789,4767
1789,4344
1789,4446
1789,4883
1798,2233
1798,2533
181,697
1816,2153
1816,748
1837,430
1837,4191
1867,2369
187,3520
187,4242
187,4244
187,4718
187,4629
187,2406
187,135
187,72
187,2618
187,172
187,1458
187,2453
187,661
187,1656
1873,652
1873,1482
1873,2661
1888,1544
19,5
190,2729
1900,148
1906,187
1906,2397
1906,2126
1906,1197
1906,1625
1906,213
1906,2771
1906,2005
1906,2129
1906,3643
1906,3388
1906,4670
1906,3872
1906,3402
1906,4517
1912,4525
1912,4603
1912,4219
1912,3843
1912,4754
1912,4979
1912,28
1912,2960
1912,3011
1912,2978
1912,1625
1912,444
1912,53
1912,2196
1912,1260
1912,933
1912,2680
193,242
193,318
1933,2715
1933,2487
1933,2949
1933,3656
1933,3681
1939,3363
1939,1231
1939,849
1939,3005
1939,1884
1939,2902
1939,1257
1939,1804
1939,1402
1990,2722
1990,500
1990,1278
1990,1330
1990,4767
1990,4867
1993,954
2002,387
2002,1308
2002,3286
2008,924
2008,3985
2011,3156
202,682
2035,4201
2035,4466
2035,4219
2035,3843
2035,3527
2035,4525
2035,4632
2035,4108
2035,254
2035,1792
2035,3130
2035,1733
2035,2960
2035,1260
2035,3011
2035,2226
2035,2196
2035,2646
2035,933
2035,1625
2035,2680
205,2561
205,3157
205,3721
2053,2396
2062,2279
2062,4126
2062,3873
2062,4998
2068,4402
2077,4446
2077,4344
2077,4764
2077,4767
2077,4627
2077,3080
2077,419
2077,2429
2077,2658
2077,430
2077,2315
2077,2829
208,2902
208,1804
208,1402
208,3005
208,1884
208,1231
208,849
208,90
208,4861
208,4867
208,3363
2080,3399
2080,4701
2080,4844
2080,3682
2080,4525
2080,4922
2080,4592
2080,4915
2080,3885
2080,3905
2080,4952
2080,3428
2080,4603
2080,3843
2080,4219
2080,3011
2080,1867
2080,2454
2080,2490
2080,1071
2080,1814
2080,1269
2080,933
2080,796
2080,1332
2080,1943
2080,2269
2080,747
2080,2755
2080,3098
2080,2960
2080,500
2080,1543
2080,1625
2080,2978
2080,406
2083,2330
2083,4321
2104,2171
2107,3185
2107,1020
2107,23
2107,440
2107,1264
2107,1389
2107,3014
2107,4035
2107,3539
2107,4561
2107,4701
2107,3370
2110,2446
2113,1506
2125,2279
2131,1314
2131,4140
214,114
2140,1792
2143,109
2143,2156
2143,2600
2143,613
2143,4518
2143,3522
2146,2153
2149,1789
2149,1821
2149,735
2149,4870
2149,4939
2167,1090
2176,4767
2176,4867
2176,500
2176,1278
2176,2722
2176,3286
2176,1812
2188,3120
22,39
220,2313
2200,1314
2200,4140
2206,4379
2209,2678
223,2008
2230,4398
2257,1506
2260,3567
2266,2153
2266,748
2272,3185
2272,1389
2272,23
2272,3014
2272,440
2272,2389
2272,1020
2272,1264
2272,4561
2272,3370
2272,4701
2272,4035
2272,3539
2281,1927
2281,520
2281,632
2281,1465
2287,4701
2287,4035
2287,3539
2287,3370
2287,1159
2287,23
2287,1020
2287,1389
2287,3014
2287,3185
2287,1264
229,2618
229,1482
229,1700
229,652
229,4629
2290,4142
232,203
232,4969
232,4821
2320,1314
2332,1550
2332,1884
2332,1264
2332,390
2332,2389
2332,1863
2332,849
2332,3273
2332,1958
2332,1904
2332,1402
2332,3363
2332,3894
2332,4400
2335,4398
2344,418
2344,1072
2344,3981
235,3213
2362,2027
2362,1814
2362,2771
2362,1867
2362,4273
2374,1316
238,1362
2383,528
2395,1927
2395,4632
241,649
2410,1141
2410,142
2410,1818
2410,2902
2410,1706
2410,2388
2410,2082
2410,865
2410,1072
2410,3005
2410,545
2410,1402
2410,1257
2410,418
2410,1231
2410,1529
2410,1884
2410,1542
2410,1369
2410,3723
2410,3846
2410,4162
2410,3981
2410,3387
2410,4489
2410,3363
2410,3840
2410,3915
2410,3323
2410,4867
2425,3494
2425,719
2425,1592
2425,2126
244,2223
244,817
2446,633
2446,2516
2446,2961
2446,748
2446,2153
2446,1821
2446,4641
2446,4287
2446,3358
2446,3453
2446,4050
2446,3847
2446,4775
2446,4692
2476,1257
2476,3005
2476,2902
2476,849
2476,90
2476,1402
2476,1884
2476,1804
2476,4867
2476,3363
2476,3387
2482,4398
2482,2152
25,93
250,688
2506,2486
2506,1784
2506,2710
2506,23
2506,440
2506,2127
2506,3161
2506,3014
2506,1374
2506,3146
2506,3243
2506,1389
2506,2309
2506,998
2506,2777
2506,2505
2506,1264
2506,2218
2506,1020
2506,2853
2506,3185
2506,3924
2506,4701
2506,4958
2506,3502
2506,4487
2506,3370
2506,4561
2506,4035
2506,3539
2518,735
2518,1821
2518,1167
2518,954
2518,169
2518,2777
2518,4870
2518,4936
2518,4939
2518,4259
2518,3681
2539,4837
2539,187
2539,291
256,1778
2575,3363
2575,3894
2575,4287
2575,3273
2575,1863
2575,1904
2575,947
2575,1402
2575,2389
2575,1958
2575,1550
2575,849
2575,1884
2575,390
2575,1264
2575,3005
2578,3273
2578,2546
2578,1550
2578,1316
2578,2196
2578,735
2578,2804
2578,2626
2578,3572
2578,4383
2578,3562
2578,3512
259,899
2593,2133
2599,2153
2599,748
2602,4392
2602,4644
2602,3998
2602,3621
2602,1485
2602,130
2602,1240
2608,735
2608,4411
2608,4561
2614,3251
2617,3287
2617,2363
2617,823
2617,3816
2617,3469
262,1614
2629,1592
2629,1987
2629,1994
2629,3214
2629,2629
2629,716
2629,1316
2629,1330
2629,2012
2629,1405
2629,2743
2629,735
2629,523
2629,240
2629,448
2629,2546
2629,315
2629,3273
2629,1546
2629,1365
2629,2196
2629,1517
2629,1790
2629,3251
2629,438
2629,302
2629,1550
2629,962
2629,2084
2629,3323
2629,3572
2629,4110
2629,3710
2629,3778
2629,4383
2629,3310
2635,3388
2635,3477
2635,4517
2635,3402
2635,4670
2635,3872
2635,3643
2635,1625
2635,2129
2635,187
2635,1197
2635,2005
2635,213
2635,2397
2638,1314
2638,4140
2665,3539
2665,4561
2665,3370
2665,4035
2665,4701
2665,23
2665,1020
2665,1389
2665,440
2665,1264
2665,3185
2665,3014
268,615
2689,1947
2689,2490
2689,2052
2692,559
2698,3419
2698,4061
2698,4873
2698,1293
2698,2171
2698,364
2698,2281
2698,423
2698,2305
2707,3286
2707,1308
2707,387
2710,4525
2710,4844
2710,4325
2710,3682
2710,4689
2710,4922
2710,3428
2710,3843
2710,3885
2710,4701
2710,3496
2710,4915
2710,4592
2710,4952
2710,4603
2710,3905
2710,3399
2710,4140
2710,1332
2710,1943
2710,1047
2710,3098
2710,2269
2710,3011
2710,500
2710,406
2710,1269
2710,1892
2710,796
2710,1543
2710,2246
2710,2978
2710,2454
2710,1511
2710,1814
2710,747
2710,2490
2710,1625
2710,1867
2710,1911
2710,2755
2710,2936
2710,1071
2710,933
2710,2960
2713,336
2713,3128
2713,1977
2713,3725
2713,3870
2713,4259
2713,4858
2722,1653
2725,1141
2725,545
2725,2724
2725,2771
2725,1369
2725,1804
2725,187
2725,1402
2725,1884
2725,2073
2725,3005
2725,2815
2725,2364
2725,849
2725,1542
2725,2126
2725,1706
2725,213
2725,2388
2725,1625
2725,2902
2725,2398
2725,2082
2725,2005
2725,1818
2725,2397
2725,1257
2725,2129
2725,4670
2725,3643
2725,4861
2725,4517
2725,3872
2725,3915
2725,4162
2725,3402
2725,4489
2725,4079
2725,3363
2725,4867
2725,3388
2725,3846
274,758
2767,4287
277,1098
2779,2388
2779,520
2779,1699
2779,2928
28,108
280,1629
280,2190
2809,3562
2809,4383
2809,3572
2809,1316
2809,2546
2809,2196
2809,2804
2809,735
2809,2626
2809,3273
2809,1550
2821,2960
2821,933
2821,28
2821,2978
2821,1260
2821,1625
2821,2680
2821,2196
2821,3011
2821,4525
2821,4219
2821,3843
2821,4603
2824,3937
2824,1090
2824,527
2824,1440
283,1285
2836,4313
2848,4915
2848,4952
2848,3399
2848,2755
2848,2490
286,2180
289,245
2890,2626
2890,2804
2890,2196
2890,735
2890,1316
2890,1169
2890,2546
2890,3273
2890,1550
2890,3572
2890,4383
2890,3842
2890,3562
2911,2562
2932,2587
2932,2429
2938,1100
2938,2016
2938,2711
2938,3719
2947,4629
2947,135
2947,239
2947,1458
2947,2661
2947,2453
2947,1656
2947,652
2947,1482
2947,2618
295,152
2971,2092
2995,3428
2995,4952
2995,4592
2995,4603
2995,3399
2995,4701
2995,3496
2995,3885
2995,4922
2995,3905
2995,3682
2995,4844
2995,3671
2995,4525
2995,4915
2995,4219
2995,3843
2995,2222
2995,1425
2995,1071
2995,2269
2995,2755
2995,600
2995,1625
2995,2490
2995,3098
2995,1332
2995,2307
2995,2429
2995,2960
2995,1594
2995,500
2995,796
2995,1782
2995,1944
2995,1943
2995,1867
2995,1269
2995,3011
2995,1543
2995,2978
2995,406
2995,747
2998,406
2998,2269
2998,2960
2998,1543
2998,1625
2998,747
2998,2978
2998,1332
2998,796
2998,933
2998,1269
2998,1071
2998,1814
2998,3011
2998,1867
2998,3098
2998,1943
2998,500
2998,2454
2998,2755
2998,2490
2998,3885
2998,3843
2998,4219
2998,4592
2998,3905
2998,3682
2998,4952
2998,4844
2998,4525
2998,3428
2998,4701
2998,4915
2998,4922
2998,3399
2998,3496
2998,4603
3001,23
3001,537
3001,2003
3001,2538
3001,1022
3001,1524
3001,87
3058,4979
3058,4754
3058,4219
3058,3843
3058,4525
3058,2680
3058,2978
3058,1260
3058,3011
3058,933
3058,444
3058,2196
3058,2960
3058,1625
307,1356
3073,440
3073,1020
3073,3185
3073,1389
3073,23
3073,1264
3073,3014
3073,3539
3073,3370
3073,4035
3088,1789
3088,171
3088,2705
3088,180
3088,1345
3088,130
3088,735
3088,129
3088,106
3088,84
3088,73
3088,2887
3088,45
3088,2502
3088,2983
3088,1167
3088,3702
3088,3845
3088,4517
3088,4936
3088,3905
3088,4870
3088,4313
3088,4455
31,168
310,176
3121,4952
3121,4922
3121,4844
3121,4915
3121,3428
3121,3885
3121,3682
3121,4592
3121,3843
3121,4603
3121,4701
3121,3496
3121,3399
3121,3905
3121,4525
3121,747
3121,3098
3121,3011
3121,2490
3121,2269
3121,2755
3121,2978
3121,1625
3121,1269
3121,1782
3121,2960
3121,1814
3121,500
3121,1943
3121,1543
3121,1332
3121,1867
3121,796
3121,1071
3121,2454
3121,406
3121,1895
3121,600
313,1296
3145,1825
3148,736
3148,1863
3148,849
3148,1695
3148,163
3148,3273
3148,2389
3148,3005
3148,2321
3148,1550
3148,1264
3148,1884
3148,390
3148,1904
3148,1402
3148,321
3148,1336
3148,2615
3148,947
3148,2349
3148,1958
3148,3887
3148,3363
3148,4287
3151,4398
316,867
3178,2575
3187,1240
3187,130
3187,4392
3187,3998
3187,4644
3187,3621
319,732
3193,272
3193,1260
3193,3494
3193,4310
3202,4586
3202,4701
3202,3761
3202,4487
3202,3370
3202,3924
3202,3502
3202,4561
3202,3539
3202,4855
3202,1314
3202,1784
3202,2505
3202,3146
3202,1264
3202,3125
3202,2486
3202,3019
3202,2710
3202,998
3202,3243
3202,23
3202,1389
3202,327
3202,440
3202,2127
3202,3161
3202,1374
3202,2853
3202,2309
3202,1020
3202,3185
3208,130
3208,2365
3208,381
3208,3905
3208,4313
3208,4517
3217,3387
3217,2902
3226,2196
3226,1625
3226,99
3226,933
3226,2960
3226,3011
3226,1260
3226,71
3226,28
3226,2978
3226,91
3226,2680
3226,4219
3226,4603
3226,4525
3226,3843
3229,528
3232,2960
3232,1895
3232,1461
3232,3677
3265,4650
3268,4033
3268,3554
3268,3377
3268,3562
3268,240
3268,438
3268,2515
3274,4736
328,1483
3292,3011
3292,1260
3292,2978
3292,28
3292,2196
3292,2960
3292,933
3292,2680
3292,1625
3292,3843
3292,4603
3292,4219
3292,4525
3304,3842
3304,3572
3304,4273
3304,3562
3304,4383
3304,1550
3304,1316
3304,735
3304,2804
3304,2027
3304,2771
3304,1814
3304,2626
3304,1169
3304,2546
3304,2196
3304,3273
3307,2202
3307,1737
331,2722
331,2349
331,1330
331,500
331,3286
331,1278
331,2321
331,4867
331,4767
3331,56
3337,2960
3337,3011
3337,1260
3337,1625
3337,933
3337,2680
3337,2196
3337,2978
3337,28
3337,4525
3337,3843
3337,4219
3337,4603
334,3789
3346,3286
3346,1308
3346,387
3352,179
3352,426
3355,2071
3355,1776
3355,1528
3367,901
337,1330
337,2519
3379,4561
3379,4104
3379,4958
3379,4701
3379,3924
3379,3502
3379,4035
3379,4487
3379,998
3379,3243
3379,2374
3379,1020
3379,1317
3379,94
3379,23
3379,1389
3379,3146
3379,159
3379,2486
3379,2218
3379,3161
3379,1264
3379,3288
3379,440
3379,3185
3379,2309
3379,1784
3379,1374
3379,825
3379,3014
3379,1268
3379,2505
3379,1284
3379,234
340,1070
3400,3080
3400,2829
3400,1797
3400,2429
3400,430
3400,2315
3400,4767
3400,4344
3400,4627
3400,4446
3400,4764
3400,4883
3427,2675
3427,2057
3427,1821
3427,2766
3427,2516
3427,4775
3427,4287
3427,4790
3427,4998
343,732
3436,4803
346,645
3466,387
3466,1308
3475,3363
3475,4867
3475,849
3475,3005
3475,90
3475,1804
3475,1231
3475,2902
3475,1257
3475,1884
3475,1402
3478,2750
3484,3614
3484,4392
3484,3531
3484,3061
3484,520
3484,632
3484,2454
3484,3140
3484,599
3487,1389
3487,3014
3487,1020
3487,3185
3487,2205
3487,440
3487,1264
3487,23
3487,3370
3487,4035
3487,3539
349,2290
3505,3080
352,1846
3541,1465
3541,599
3541,520
3541,632
3541,3140
3541,1927
3541,3061
3541,2246
3541,4140
3541,3531
3541,4392
3553,4162
3553,4867
3553,3846
3553,3494
3553,3387
3553,3915
3553,4861
3553,4489
3553,3805
3553,1231
3553,545
3553,2436
3553,2630
3553,940
3553,1141
3553,1542
3553,2636
3553,719
3553,107
3553,2364
3553,1804
3553,2388
3553,3240
3553,1404
3553,2815
3553,1818
3553,2082
3553,2902
3562,444
3562,3301
358,1128
3610,1159
3610,1434
3613,4364
3619,4035
3619,3539
3619,4701
3619,4958
3619,3924
3619,3502
3619,3370
3619,4487
3619,4561
3619,3243
3619,2127
3619,998
3619,2710
3619,3146
3619,1020
3619,2309
3619,1389
3619,2853
3619,3185
3619,1784
3619,3161
3619,440
3619,3014
3619,23
3619,2486
3619,1264
3622,577
3622,1931
3622,2173
3622,2281
3622,1823
3622,2730
3622,4398
3622,4379
364,222
3643,748
3643,2153
3643,1895
3646,3489
3646,2611
3646,2350
3646,1316
3646,2332
3646,1425
3673,3011
3673,1625
3673,2196
3673,2960
3673,28
3673,2978
3673,933
3673,1260
3673,4603
3673,4525
3673,3843
3676,4207
3688,3843
3688,4525
3688,4219
3688,4603
3688,28
3688,3011
3688,2960
3688,2978
3688,1260
3688,933
3688,1625
3688,2196
3697,114
37,212
3706,3816
3706,1739
3706,2749
3706,932
3706,390
3724,4372
373,1180
3739,735
3739,663
3739,2504
3739,4561
3739,4531
3739,4776
3739,4411
3748,1737
3757,2594
3778,4310
3778,3494
3787,652
3787,2661
3787,1482
379,1389
379,3136
379,1446
379,4565
3790,3026
3790,3717
3793,4561
3793,4701
3793,3370
3793,3539
3793,4035
3793,1389
3793,440
3793,3014
3793,3185
3793,23
3793,1020
3793,1264
3808,300
3811,2489
3811,735
3811,1345
3811,1005
3811,2705
3811,1789
3811,1821
3811,1167
3811,2502
3811,4455
3811,4870
3811,4939
3811,3637
3811,4936
3832,4681
3835,4328
3835,415
3838,4357
3838,2363
385,1200
3850,2680
3850,2960
3850,1260
3850,3011
3850,28
3850,2196
3850,1625
3850,2978
3850,3843
3850,4603
3850,4219
3850,4525
3871,18
3871,3098
3871,1943
3871,1071
3886,4140
3886,2823
3886,2246
3886,1911
3901,1269
3901,735
3901,2417
3901,4531
3901,4411
3901,4681
3901,4561
391,3226
3910,1506
3931,3317
3931,4775
3931,1925
3931,1745
3931,1586
3931,2675
3931,623
3931,1821
3931,2766
3931,2516
3931,3038
3931,1530
3961,1269
3961,23
3961,2960
3961,1943
3961,2218
3961,1814
3961,2269
3961,500
3961,2505
3961,796
3961,600
3961,1071
3961,3098
3961,2978
3961,1625
3961,2454
3961,440
3961,1389
3961,1895
3961,1543
3961,2853
3961,1264
3961,2710
3961,1784
3961,3011
3961,1332
3961,2486
3961,747
3961,1374
3961,3146
3961,3014
3961,998
3961,3243
3961,3185
3961,1317
3961,2127
3961,1782
3961,3161
3961,2309
3961,1020
3961,2490
3961,3905
3961,3539
3961,3399
3961,4219
3961,3924
3961,4525
3961,3502
3961,4958
3961,3682
3961,4952
3961,3496
3961,3370
3961,4035
3961,4754
3961,4603
3961,4592
3961,4487
3961,4561
3961,3885
3961,4915
3961,4979
3961,3428
3961,4922
397,3363
397,4867
397,2902
397,3005
397,90
397,1231
397,849
397,1257
397,1804
397,1884
397,1402
4,9
40,135
4006,2017
4009,1983
4009,2136
4021,1402
4021,2082
4021,849
4021,2490
4021,1706
4021,1895
4021,545
4021,1625
4021,500
4021,3098
4021,1782
4021,1369
4021,796
4021,1818
4021,2815
4021,1141
4021,1804
4021,1071
4021,2755
4021,1867
4021,1884
4021,2364
4021,1543
4021,3005
4021,1542
4021,1257
4021,1943
4021,2388
4021,90
4021,747
4021,4922
4021,4952
4021,3885
4021,4903
4021,4592
4021,3915
4021,3363
4021,3905
4021,3496
4021,3846
4021,4844
4021,4489
4021,3682
4021,3843
4021,4867
4021,4861
4021,4915
4021,3399
4021,4162
4021,4701
4021,4079
4024,4383
4024,3572
4024,4142
4024,2546
4024,1316
4024,3273
4024,1550
4024,735
4024,2196
4027,1789
4027,1821
4027,735
4027,4939
4027,4870
403,1285
403,3715
4033,4952
4033,3905
4033,4525
4033,3399
4033,4915
4033,3682
4033,3428
4033,4603
4033,4219
4033,3496
4033,4922
4033,4592
4033,3885
4033,2490
4033,1543
4033,1071
4033,2454
4033,796
4033,1269
4033,1814
4033,2960
4033,600
4033,3098
4033,2978
4033,1943
4033,1782
4033,500
4033,2269
4033,1895
4033,1332
4033,1625
4033,3011
4033,747
4042,1625
4042,500
4042,1269
4042,2269
4042,3098
4042,796
4042,1867
4042,2490
4042,1543
4042,1782
4042,1895
4042,2755
4042,2307
4042,1943
4042,1071
4042,3682
4042,3885
4042,4315
4042,3399
4042,3496
4042,4844
4042,4952
4042,4922
4042,4592
4042,4915
4042,3905
406,1088
4087,4915
4087,3496
4087,3905
4087,4525
4087,3399
4087,4922
4087,4592
4087,3363
4087,4603
4087,3428
4087,3885
4087,3682
4087,4287
4087,4952
4087,4219
4087,1782
4087,2978
4087,1550
4087,2389
4087,1863
4087,1895
4087,1543
4087,796
4087,3005
4087,600
4087,3098
4087,1402
4087,3273
4087,1071
4087,1884
4087,2960
4087,2454
4087,500
4087,1814
4087,747
4087,947
4087,1625
4087,1269
4087,1958
4087,2490
4087,3011
4087,1943
4105,1185
412,1262
4126,3521
4126,2251
4135,327
4135,1314
4135,3019
4135,3125
4135,3761
4135,4140
4135,4855
4135,4586
4141,4670
4141,3662
4141,3639
4141,2365
4144,4750
4147,4858
4147,4140
4147,4569
4147,4870
4147,2330
4147,2246
4147,2541
4147,3288
4147,1911
4147,530
4147,2823
4147,3146
415,4551
415,614
415,1096
415,1422
4153,1459
4168,852
4174,4374
4174,4518
4177,4126
4177,4998
4177,3873
418,856
4186,3402
4198,1405
4198,1693
4198,3273
421,2160
4216,4446
4228,3286
4228,448
4228,2722
4228,1209
4228,1230
4228,270
4228,1322
4228,1330
4228,785
4228,582
4228,291
4228,1012
4228,1547
4228,1905
4228,418
4228,4359
4228,4867
4228,4217
4228,4700
4228,4196
4228,4869
4228,4488
4228,4774
4228,4767
424,1225
424,629
4246,2539
4246,3264
4246,2878
4246,58
4246,1701
4246,2685
4246,367
4246,1922
4246,2859
4246,2575
4246,1054
4246,3432
4246,3315
4246,4401
4261,1314
4282,2321
4282,1994
4282,448
4282,2626
4282,1546
4282,2084
4282,1592
4282,1330
4282,3562
4285,4062
4291,954
4291,169
4291,2777
4291,213
4291,4259
4291,3681
4291,4736
4294,4555
430,2580
4318,538
4318,223
4345,2902
4372,1699
4372,775
4372,1496
4372,1904
4372,190
4372,2121
4372,2538
4372,3622
4378,3494
4378,4310
4378,272
4378,1260
4378,257
4411,3014
442,1247
445,313
445,390
445,1222
445,4442
445,3722
445,4546
4450,4357
4450,2171
4450,2363
4450,1229
4450,2660
4450,1422
4450,2071
4480,2082
4480,1550
4480,1542
4480,2902
4480,545
4480,2815
4480,1141
4480,1958
4480,1369
4480,390
4480,1863
4480,1231
4480,3273
4480,2364
4480,1818
4480,1904
4480,1264
4480,1804
4480,90
4480,2388
4480,1257
4480,2389
4480,3894
4480,3846
4480,4162
4480,3915
4480,4287
4480,4489
4480,4867
4480,4079
4486,2233
4486,2477
4486,3386
451,1684
4537,2087
4537,560
4537,184
4537,1313
4537,2668
4537,3506
454,2141
4552,4867
4552,3363
4552,1804
4552,90
4552,849
4552,2902
4552,1257
4552,3005
4552,1231
4552,1402
4552,1884
457,605
4576,3928
4585,4782
4594,4870
4594,3476
4594,3844
4594,4858
4594,643
4594,1747
4594,3288
4594,2736
4594,530
4594,2541
4597,3098
4597,796
4597,2755
4597,2454
4597,1814
4597,406
4597,3011
4597,2978
4597,1895
4597,1543
4597,1943
4597,747
4597,2960
4597,500
4597,1625
4597,1071
4597,933
4597,1782
4597,2490
4597,1332
4597,1867
4597,2269
4597,3843
4597,4525
4597,4603
4597,3885
4597,4844
4597,4219
4597,4701
4597,4922
4597,3428
4597,3682
4597,4915
4597,3905
4597,4952
4597,3496
4597,4592
460,1237
4603,2429
4603,1944
4615,1482
4615,652
4615,2661
4648,4328
4684,4162
4684,4079
4684,3846
4684,4867
4684,4489
4684,3363
4684,4861
4684,3547
4684,3915
4684,1818
4684,2364
4684,1065
4684,1804
4684,264
4684,2902
4684,1402
4684,1141
4684,1542
4684,90
4684,1706
4684,1231
4684,2388
4684,872
4684,1257
4684,3005
4684,545
4684,849
4684,2082
4684,2815
4684,1369
4684,1884
4684,1048
469,2607
4693,2228
4693,2154
4693,1257
4693,2512
4693,3643
4693,3424
4723,3363
4723,4867
4723,1231
4723,1257
4723,1402
4723,1884
4723,849
4723,2902
4723,1804
4723,90
4723,3005
4735,4867
4735,3005
4735,1804
4735,1257
4735,1231
4735,2902
4735,1884
475,1821
475,735
475,4870
4759,169
4759,2533
478,1491
4795,500
4795,1330
4795,3286
4795,1812
4795,1278
4795,4867
4795,4767
4801,4162
4801,4233
4801,4861
4801,4867
4801,3387
4801,3846
4801,4079
4801,3363
4801,3915
4801,2388
4801,2823
4801,1911
4801,1257
4801,1369
4801,1542
4801,1706
4801,1804
4801,1818
4801,2815
4801,2082
4801,545
4801,940
4801,2302
4801,1884
4801,1231
4801,2364
4801,90
4801,2200
4801,1141
4801,1402
4801,3005
4801,2246
4801,2902
4801,849
481,381
481,148
4831,3643
4831,1257
484,2566
4840,1425
4864,2902
487,960
4870,3978
49,175
490,527
4906,2656
4906,2000
4906,1308
4906,2268
4906,2312
4906,4665
4933,1389
4933,3806
4939,4287
4939,3502
4939,4775
4939,3539
4939,4701
4939,4561
4939,3924
4939,4487
4939,4958
4939,3370
4939,2710
4939,3161
4939,1695
4939,1020
4939,1374
4939,23
4939,1389
4939,1821
4939,2766
4939,3146
4939,3014
4939,440
4939,1784
4939,2505
4939,2309
4939,2516
4939,1264
4939,2853
4939,2675
4939,3243
4939,2486
4939,2218
4939,2127
4945,3998
4945,4644
496,2537
4987,940
4987,2902
4987,2815
4987,2302
4987,3387
499,1166
4990,4736
502,1789
502,735
502,1821
502,4870
502,4939
505,1933
508,2096
511,3261
517,1885
52,315
52,1550
52,2196
52,1517
52,735
52,3214
52,1405
52,2546
52,3273
52,160
52,1316
52,2626
52,1747
52,2804
52,302
52,3562
52,3572
52,4110
52,4383
52,3310
529,1252
532,1797
532,430
532,419
532,3080
532,2658
532,2315
532,2429
532,2600
532,4344
532,4764
532,3567
532,4627
535,1498
538,1285
55,199
556,21
556,2561
556,1014
559,2350
559,2332
562,24
562,527
562,747
562,4136
562,3353
574,449
58,2597
586,671
589,3115
592,2509
595,1389
604,3017
607,1506
607,2079
607,4969
613,1932
616,1706
616,1402
616,545
616,1257
616,680
616,1369
616,747
616,1818
616,1542
616,2082
616,3005
616,2388
616,1231
616,1141
616,1013
616,2902
616,527
616,4162
616,3952
616,4867
616,3353
616,3852
616,4489
616,4079
616,3915
616,4861
616,3846
616,4136
616,3363
616,4209
619,4659
625,3476
628,2429
628,852
631,3997
631,2873
631,1629
631,2190
634,1802
64,99
64,91
64,71
643,1570
646,4854
652,3252
655,2152
655,2417
655,1666
655,4894
658,2380
661,1837
664,695
664,1475
667,3599
67,120
670,1884
670,1804
670,2902
670,90
670,3005
670,1257
670,1231
670,4867
673,3808
676,3531
676,1927
676,520
676,632
676,1465
676,3108
679,2352
685,4379
688,1465
688,3061
688,2454
688,1229
688,775
688,1927
688,632
688,3532
688,4392
688,3608
688,3531
694,4839
697,4767
697,4867
697,500
697,1330
697,3286
697,1278
697,2800
697,2722
697,3156
7,17
70,111
706,4398
727,3492
73,318
73,242
736,3316
739,800
742,1821
742,735
742,4870
742,4939
748,3976
751,1191
754,3560
76,47
766,1579
769,4172
772,4173
775,4016
775,4362
781,2631
784,2679
79,320
793,2157
802,2516
802,1032
802,1020
802,1264
802,2385
802,2374
802,94
802,1268
802,159
802,825
802,3185
802,1944
802,2430
802,234
802,1728
802,1994
802,2153
802,23
802,440
802,1173
802,4939
802,4398
802,3978
802,4104
802,3887
802,3997
820,4767
820,4883
820,4446
820,4627
820,4344
820,4764
820,430
820,3080
820,419
820,2429
820,2222
820,1797
820,2829
820,1594
820,2658
823,2084
823,2743
823,2321
823,1546
823,1330
823,448
823,2626
823,1994
823,2804
826,4525
826,3714
826,3843
826,4219
826,1625
826,2680
826,28
826,2196
826,3011
826,2960
826,1260
826,933
841,1255
844,3727
847,1915
85,4391
853,3173
871,4480
874,3768
874,1646
874,169
880,4644
880,3998
880,1240
880,1485
883,1598
889,4013
895,2315
895,3276
895,597
895,3080
895,1812
895,3387
895,4767
895,4604
904,3520
904,901
91,103
910,1607
913,1754
916,4180
922,4010
925,3370
925,3539
925,4561
925,4035
925,4701
925,1389
925,3185
925,1264
925,23
925,1020
925,440
925,3014
928,2909
934,3456
937,3619
94,119
94,2171
940,254
940,3130
940,2978
940,2680
940,933
940,2226
940,1065
940,1260
940,3011
940,1625
940,2646
940,2196
940,264
940,2960
940,1792
940,3843
940,4219
940,4466
940,4201
940,3527
940,3310
940,4525
943,4671
946,2412
946,2752
955,1276
97,225
970,4553
976,1641
997,1383
1442,1584
1979,3319
257,80
2633,4846
1191,2794
1249,4935
1042,4906
161,654
170,371
1069,3057
1211,1773
147,945
1089,3956
1285,4148
1600,4494
165,392
1063,4025
155,1420
1328,616
1806,3020
1118,2161
152,321
164,2202
1363,3158
1001,4550
0,4557
1001,4725
1002,230
1002,2018
1002,2011
1002,2127
1001,3387
0,1209
1002,1727
1001,2056
1002,1860
1001,3111
1002,1155
1001,817
1001,752
0,418
1002,1317
1001,2202
1001,3973
854,2295
1383,2865
248,706
1010,1560
278,1454
595,3277
1083,2439
123,128
325,491
64,71
1040,1252
42,91
15,30
1137,1335
326,610
769,4172
1058,2989
1589,3609
199,126
852,633
2890,3061
2847,659
229,147
330,228
32,271
1154,800
1646,1550
1359,1999
116,3553
2065,823
2209,2641
1337,1482
2632,4293
305,2628
635,2711
280,2190
2721,947
224,652
957,2373
129,2133
1347,2989
1534,1790
2294,1149
328,1296
459,1296
1720,864
2513,4510
1534,3355
1520,833
1400,2877
89,1681
546,924
73,315
1802,833
19,3291
555,4823
1638,128
2925,3015
911,2423
457,488
1712,4493
1614,3520
218,697
2395,3520
104,182
1083,2301
38,3632
197,736
187,96
89,2301
2241,2133
317,3629
328,1483
2479,3458
1550,2700
3,598
35,4381
2232,2134
1326,2123
1869,4251
221,487
288,592
630,748
146,736
572,3061
629,1944
91,103
1216,4469
369,4111
798,2913
69,311
1646,3512
554,1644
756,3674
1570,4607
10,86
129,1602
20,14
342,829
3161,1321
189,339
638,1919
1985,4251
1818,4786
1086,1014
2061,659
616,1700
348,1266
156,279
107,286
249,535
257,271
5,53
478,1491
1713,3501
1907,3061
26,28
1005,2484
156,80
146,163
423,849
304,802
1068,1547
1138,4292
906,4320
1705,1744
4396,168
855,3267
464,1522
1083,4482
1019,2597
452,2954
333,661
423,4197
512,936
1636,4897
3322,597
4290,4200
1043,1779
850,1502
1176,4894
1003,1533
386,204
2188,3120
1156,1636
1365,2474
2936,4069
1187,4802
2112,1518
874,2533
1301,449
1249,1093
423,1402
118,173
907,2026
1368,2737
231,228
145,185
187,652
3008,2625
